Variables/MIS5a/biomass.asc
NCOLS 258 
NROWS 132 
XLLCORNER -10.933275447 
YLLCORNER 36.059072361 
CELLSIZE 0.11561 
NODATA_value -9999 
[rows 24 to 47 of 132, columns 54 to 107 of 258]
12284.900390625 14699.919921875 14667.16015625 14414.509765625 15297.2998046875 16326.66015625 16151.849609375 15688.91015625 15200.76953125 14809.4404296875 14563.75 14256.990234375 13839.3203125 13241.5 12923.3603515625 12752.5595703125 12345.76953125 11916.9501953125 11563.009765625 11425.169921875 11269.509765625 11105.099609375 10942.3603515625 10916.0302734375 10881.669921875 10835.3701171875 10878.650390625 10988.8095703125 11119.16015625 11186.7001953125 11294.0400390625 11296.4296875 11029.240234375 10777.830078125 10505.150390625 10217.3603515625 10143.8603515625 10122.9296875 10097.5 9888.8017578125 9855.6513671875 9808.3876953125 9390.3818359375 9342.7978515625 9422.015625 9521.9765625 9423.1025390625 9228.50390625 8878.873046875 7762.01904296875 6796.87890625 6262.3818359375 7088.494140625 7184.28515625
-9999 14495.66015625 14414.0302734375 14339.3798828125 15063.9501953125 15979.650390625 16304.0703125 15869.5703125 15330 14903.2998046875 14672.7998046875 14332.509765625 13837.2900390625 13210.58984375 12855.330078125 12664.2197265625 12339.2998046875 11980.66015625 11626.0703125 11328.8798828125 11260.4296875 11165.48046875 10974.8603515625 10996.7802734375 11071.1298828125 11157.3701171875 11008.9697265625 11038.8203125 11173.1396484375 11282.5703125 11373.0302734375 11312.1298828125 10897.099609375 10641.3896484375 10313.0302734375 9870.779296875 10046.1796875 10139.330078125 10080.76953125 9614.0380859375 9395.5244140625 9329.658203125 9349.3447265625 9177.1298828125 9132.12890625 9428.2451171875 9180.3330078125 8990.5224609375 8950.306640625 8867.615234375 7557.82421875 5762.74609375 6715.2568359375 6755.69921875
-9999 14380.0498046875 14239.91015625 14014.4296875 13986.8603515625 14241.919921875 15185.4501953125 15041.73046875 14731.4404296875 14596.2802734375 14138.8896484375 13820.9599609375 13659.150390625 12968.259765625 12633.3701171875 12533.48046875 12342.4296875 12228.25 12108.1201171875 11854.2001953125 11584.7197265625 11339.259765625 11123.5595703125 11183.8701171875 11303.08984375 11416.3203125 11058.9296875 10917.2099609375 10898.8203125 10852.490234375 10877.3701171875 10813.2001953125 10506.5400390625 10219.2998046875 9889.7724609375 9534.2392578125 9939.64453125 10059.5 9872.271484375 9480.751953125 9106.53515625 8843.228515625 8951.8271484375 8791.96484375 8703.8798828125 8913.5908203125 8833.98046875 8777.7578125 8801.9853515625 8908.7724609375 8132.77587890625 6854.76513671875 6529.7177734375 6475.26220703125
14364.51953125 14278.349609375 14119.6201171875 13732.1396484375 13615.169921875 13825.2998046875 14389.1796875 14168.8701171875 14064.23046875 14496.1796875 14107.7802734375 13717.9697265625 13419.9296875 12785.48046875 12421.740234375 12237.650390625 11959.8095703125 11887.3701171875 11822.58984375 11559.1396484375 11279.6103515625 11122.080078125 11148.8798828125 11014.8701171875 11045.830078125 11194.0498046875 10909.83984375 10849.3896484375 10896.0302734375 10789.759765625 10685.8701171875 10563.509765625 10392.990234375 10134.6904296875 9801.5029296875 9425.5654296875 9466.07421875 9575.013671875 9633.404296875 9258.767578125 9023.9580078125 8885.6181640625 8792.5380859375 8668.5146484375 8596.4052734375 8643.62109375 8703.0654296875 8747.68359375 8772.41015625 8803.30859375 7951.23486328125 6665.9521484375 6555.27392578125 6067.880859375
-9999 14154.08984375 14023.9501953125 13566.0498046875 13595.5400390625 13639.5498046875 13701.8701171875 13466.4296875 13491.9296875 14135.150390625 14090.6298828125 13760.3095703125 13213.740234375 12727.98046875 12370.01953125 12080.73046875 11710.8896484375 11559.2802734375 11431.98046875 11139.2197265625 10967.08984375 10921.6298828125 11020.0302734375 10773.3701171875 10731.990234375 10881.1796875 10683.3203125 10735.4296875 10873.5 10723 10498.8603515625 10302.740234375 10226.25 10050.3896484375 9780.8193359375 9411.9267578125 9101.5634765625 9106.1484375 9304.267578125 8974.6572265625 8762.3154296875 8645.580078125 8627.40234375 8620.8349609375 8609.166015625 8583.8916015625 8686.4365234375 8738.8310546875 8682.5537109375 8297.517578125 7357.8798828125 6212.59716796875 6203.330078125 5490.98583984375
-9999 -9999 13877.23046875 13753.1201171875 13540.759765625 13285.6298828125 13051.4404296875 13111.3896484375 13138.5 13027.599609375 13817.5703125 13843.0400390625 13010.990234375 12875.1396484375 12617.6298828125 12269.58984375 11924.5703125 11589.1904296875 11259.400390625 10921.8095703125 10997.48046875 10962.3701171875 10647.1396484375 10594.2802734375 10588.0595703125 10591.9404296875 10427.8896484375 10512.26953125 10656.580078125 10451.48046875 10157.900390625 9892.20703125 9798.3740234375 9784.4111328125 9701.5751953125 9550.1328125 9127.009765625 8882.537109375 8767.9052734375 8590.720703125 8010.30078125 7582.087890625 8314.4443359375 8555.146484375 8677.3623046875 8789.966796875 8757.169921875 8663.26171875 8462.880859375 7147.81396484375 6455.923828125 6082.98583984375 5045.828125 4704.9580078125
-9999 -9999 -9999 -9999 -9999 -9999 -9999 -9999 -9999 -9999 11089.5302734375 12303.259765625 12766.9697265625 12936.1298828125 12858.76953125 12525.98046875 11963.419921875 11586.5302734375 11323.9599609375 11166.349609375 11041.3896484375 10854.7802734375 10574.9599609375 10520.6396484375 10592.6298828125 10726.0400390625 10612.400390625 10522.2998046875 10448.33984375 10352.6904296875 10089.0400390625 9839.1005859375 9753.8642578125 9712.306640625 9495.8681640625 9029.8720703125 8532.8759765625 8397.1064453125 8354.9609375 6935.43017578125 6529.94384765625 6768.662109375 7302.6328125 8164.5517578125 8721.533203125 8510.3310546875 8571.2890625 8379.5498046875 7833.171875 7352.8701171875 6927.11279296875 6453.52294921875 5535.705078125 4863.32421875
-9999 -9999 -9999 -9999 -9999 -9999 -9999 -9999 -9999 -9999 7742.9677734375 8656.060546875 10418.3701171875 10966.01953125 11579.33984375 12365.1298828125 12265.6201171875 11801.1904296875 11519.740234375 11471.5595703125 11203.48046875 10898.990234375 10624.2197265625 10579.6103515625 10686.990234375 10874.41015625 10752.08984375 10527.5400390625 10310.009765625 10331.740234375 10103.16015625 9865.578125 9806.111328125 9732.779296875 9249.6123046875 8263.439453125 7912.7939453125 7894.31884765625 7828.73388671875 5938.77880859375 5904.93212890625 6596.07080078125 6321.60400390625 7116.51123046875 7764.47021484375 7535.22412109375 7804.1162109375 7732.10205078125 7198.126953125 7182.60693359375 6951.18310546875 6456.94287109375 5577.36376953125 4809.39501953125
-9999 -9999 -9999 -9999 -9999 -9999 -9999 -9999 -9999 -9999 -9999 -9999 -9999 7037.9541015625 8391.541015625 10076.9404296875 11994.7900390625 12278.58984375 11814.990234375 11782.91015625 11460.900390625 11114.3203125 10776.25 10766.849609375 10848.58984375 10980.6201171875 10770.240234375 10509.76953125 10264.4697265625 10362 10144.25 9926.140625 9919.6337890625 9656.3681640625 8812.439453125 7154.14892578125 7345.701171875 7418.98779296875 7202.76220703125 6021.2509765625 6456.06689453125 7123.27392578125 5573.69921875 5621.5390625 5847.14013671875 5855.1611328125 6543.65576171875 6808.02685546875 6548.951171875 6441.787109375 6324.22509765625 6015.72509765625 4950.19091796875 4472.39501953125
-9999 -9999 -9999 -9999 -9999 -9999 -9999 -9999 -9999 -9999 -9999 -9999 1792.78100585938 -9999 5173.81103515625 7016.0439453125 8723.552734375 10174.5498046875 11319.759765625 11784.7900390625 11343.0498046875 10976 10860.8203125 10886.330078125 10913.4599609375 10916.759765625 10833.9296875 10753.6201171875 10611.3203125 10193.7197265625 10027.8203125 9958.9521484375 9877.298828125 7932.787109375 6529.29296875 6338.8369140625 6477.4580078125 6932.31298828125 7533.56103515625 7455.27783203125 7417.06591796875 7252.158203125 6533.68310546875 6534.8330078125 6440.85205078125 5798.0732421875 6597.97314453125 7064.248046875 6872.6689453125 6841.115234375 6946.203125 6944.09716796875 5826.2080078125 5513.255859375
-9999 -9999 -9999 -9999 -9999 -9999 -9999 -9999 -9999 -9999 -9999 -9999 -9999 1614.25 -9999 -9999 -9999 8384.3984375 9888.5830078125 11064.41015625 11566.5302734375 11016.6396484375 10849.7802734375 10918.0595703125 10968.6396484375 10961.330078125 10727.580078125 10629.6298828125 10553.1201171875 10214.98046875 10086.1904296875 10009.580078125 9810.8193359375 7093.73388671875 5800.81103515625 6940.42919921875 6125.56884765625 6362.841796875 7554.88623046875 7974.1328125 7822.33203125 7505.73095703125 7584.98681640625 7299.34619140625 6816.953125 6220.0927734375 6966.4560546875 7445.98486328125 7286.3310546875 6703.14404296875 6816.2099609375 7209.69091796875 6219.623046875 5668.84814453125
-9999 -9999 -9999 -9999 -9999 -9999 -9999 -9999 -9999 -9999 -9999 -9999 -9999 -9999 -9999 -9999 -9999 -9999 8537.607421875 -9999 11100.1796875 11460.5703125 10892.8798828125 10957.25 11036.1796875 11043.6103515625 10501.3095703125 10289.259765625 10267.5302734375 10337.1298828125 10228.0400390625 10062.9501953125 9869.447265625 7321.76513671875 6444.8740234375 8361.1767578125 6089.10009765625 5858.1298828125 7340.14501953125 7661.0888671875 7708.458984375 7797.671875 8456.2119140625 7746.373046875 6939.35986328125 6660.87890625 7294.7119140625 7668.18701171875 7523.13623046875 6247.2587890625 6323.39697265625 7109.73388671875 6240.72314453125 5408.14599609375
-9999 -9999 -9999 -9999 -9999 -9999 -9999 -9999 -9999 -9999 -9999 -9999 -9999 -9999 -9999 -9999 -9999 -9999 -9999 8947.4814453125 10372.5400390625 11532.9501953125 11434.0302734375 11373.8798828125 11176.2099609375 10723.8896484375 10297.3603515625 10264.7001953125 10391.8701171875 10215.7001953125 10112.9501953125 10051.759765625 10021.3095703125 9276.76953125 7993.2529296875 6211.06103515625 5679.5 5990.8349609375 6820.619140625 6669.18701171875 7111.0908203125 7768.5341796875 8059.2890625 7857.994140625 7099.0927734375 5576.412109375 6648.05810546875 6874.56494140625 5768.85498046875 6458.76220703125 7096.1591796875 7409.2158203125 6443.3759765625 6652.166015625
-9999 -9999 -9999 -9999 -9999 -9999 -9999 -9999 -9999 -9999 -9999 -9999 -9999 -9999 -9999 -9999 -9999 -9999 -9999 8390.017578125 9511.623046875 11006.7900390625 11879.830078125 11688.169921875 11246.8701171875 10752.41015625 10379.5 10270.2802734375 10272.25 10121.669921875 10043.240234375 10062.7001953125 10236.8896484375 10168.25 8739.7587890625 5767.287109375 5424.61376953125 5965.85107421875 6825.791015625 6487.08203125 6869.27197265625 7472.0341796875 7450.92822265625 7467.15283203125 7105.18310546875 6056.22216796875 6635.5322265625 6744.76708984375 6008.326171875 5869.35302734375 6009.31396484375 6164.78515625 5538.30419921875 6342.630859375
-9999 -9999 -9999 -9999 -9999 -9999 -9999 -9999 -9999 -9999 -9999 -9999 -9999 -9999 -9999 -9999 -9999 -9999 -9999 -9999 9071.521484375 10081.98046875 11383.5595703125 11627.7802734375 11242.9296875 10934.150390625 10624.73046875 10368.58984375 10173.5595703125 10115.0595703125 10046.5302734375 10092.5595703125 10406.6201171875 10438.259765625 9116.6142578125 6148.26220703125 5766.26123046875 6137.39599609375 6854.0771484375 6349.76806640625 6626.1279296875 7132.5322265625 6970.87109375 6987.3251953125 6945.1220703125 6698.44580078125 6885.26123046875 6857.3388671875 6432.39111328125 4962.3388671875 4498.01220703125 4755.658203125 4601.89794921875 5651.458984375
-9999 -9999 -9999 -9999 -9999 -9999 -9999 -9999 -9999 -9999 -9999 -9999 -9999 -9999 -9999 -9999 -9999 -9999 -9999 -9999 8604.232421875 9506.8525390625 10485.5400390625 11222.7998046875 11112.740234375 11178.7197265625 10989.349609375 10704.099609375 10415.150390625 10327.0595703125 10191.1396484375 10149.080078125 10341.2900390625 10268.08984375 9418.763671875 7636.8330078125 7613.4501953125 7078.6748046875 6043.14892578125 5344.7568359375 5944.3369140625 6953.3232421875 7118.75390625 6850.23291015625 6495.44287109375 6218.75 7082.9580078125 6835.26708984375 5092.0087890625 4143.19384765625 4078.80908203125 4625.7080078125 4931.134765625 5803.8701171875
-9999 -9999 -9999 -9999 -9999 -9999 -9999 -9999 -9999 -9999 -9999 -9999 -9999 -9999 -9999 -9999 -9999 -9999 -9999 -9999 -9999 -9999 -9999 -9999 11144.5302734375 11250.400390625 11045.5595703125 10883.419921875 10711.6796875 10362.759765625 10164.5595703125 10024.330078125 9883.0029296875 9370.1708984375 8189.72705078125 6468.68603515625 7917.31298828125 7472.591796875 5464.44482421875 5604.73486328125 6133.15087890625 6708.0419921875 6911.87890625 6730.3251953125 6375.9140625 5975.8330078125 7218.78076171875 7279.1318359375 5619.11279296875 4465.240234375 4092.3349609375 4312.10791015625 4724.2421875 5758.791015625
-9999 -9999 -9999 -9999 -9999 -9999 -9999 -9999 -9999 -9999 -9999 -9999 -9999 -9999 -9999 -9999 -9999 -9999 -9999 -9999 -9999 -9999 -9999 -9999 9634.20703125 10034.5595703125 10078.58984375 10800.91015625 10771.919921875 10330.8603515625 10058.759765625 9826.66796875 9544.9150390625 8861.7216796875 7725.0341796875 6274.4970703125 8019.92919921875 7571.77685546875 5391.3310546875 5908.91015625 6219.5810546875 6316.9267578125 6176.6591796875 6315.74609375 6354.92822265625 6074.796875 7024.73388671875 7172.05615234375 6115.61083984375 4971.759765625 4450.3232421875 4528.0048828125 5323.84716796875 6400.69921875
-9999 -9999 -9999 -9999 -9999 -9999 -9999 -9999 -9999 -9999 -9999 -9999 -9999 -9999 -9999 -9999 -9999 -9999 -9999 -9999 -9999 -9999 -9999 -9999 -9999 8490.453125 7734.201171875 7231.89404296875 10332.9599609375 10135.25 9911.982421875 9590.294921875 9526.5380859375 9275.998046875 9067.994140625 9083.3369140625 8389.2822265625 7407.72509765625 6221.61376953125 5795.43896484375 5814.01611328125 5722.64501953125 4730.05712890625 5453.966796875 6349.1611328125 6840.2568359375 6320.06787109375 6012.22412109375 5983.70703125 5364.703125 5252.14306640625 5676.39111328125 7379.25 8120.10498046875
-9999 -9999 -9999 -9999 -9999 -9999 -9999 -9999 -9999 -9999 -9999 -9999 -9999 -9999 -9999 -9999 -9999 -9999 -9999 -9999 -9999 -9999 -9999 -9999 -9999 -9999 6916.875 4446.2822265625 3669.71508789062 6108.56787109375 8873.470703125 9757.794921875 9643.9423828125 9339.3037109375 9043.521484375 8793.673828125 8339.669921875 7237.7421875 5793.68994140625 5617.27001953125 6085.5869140625 6439.43017578125 5322.56103515625 5381.86376953125 5770.5029296875 6099.787109375 5772.4609375 5766.380859375 6257.64892578125 6527.64013671875 7003.97509765625 7449.77685546875 6843.3701171875 7501.81884765625
-9999 -9999 -9999 -9999 -9999 -9999 -9999 -9999 -9999 -9999 -9999 -9999 -9999 -9999 -9999 -9999 -9999 -9999 -9999 -9999 -9999 -9999 -9999 -9999 -9999 -9999 -9999 -9999 -9999 3408.89892578125 7014.72412109375 9628.380859375 9583.6220703125 9164.0458984375 8870.77734375 8806.4033203125 8618.408203125 7778.7451171875 6524.22705078125 6137.02099609375 6366.5458984375 6608.59814453125 5840.09619140625 5396.7041015625 5484.14013671875 6362.48291015625 5833.22900390625 5639.85498046875 6185.98779296875 7327.2998046875 8099.615234375 8311.83984375 7210.2001953125 7643.43798828125
-9999 -9999 -9999 -9999 -9999 -9999 -9999 -9999 -9999 -9999 -9999 -9999 -9999 -9999 -9999 -9999 -9999 -9999 -9999 -9999 -9999 -9999 -9999 -9999 -9999 -9999 -9999 -9999 2491.22509765625 1642.94604492188 5778.98583984375 8988.9296875 9353.6953125 8831.794921875 8784.5703125 9336.06640625 9204.65234375 8889.8583984375 8461.337890625 7306.49609375 6579.01611328125 6139.0869140625 6123.38623046875 5561.22900390625 5713.00390625 7766.39892578125 6588.89697265625 5772.62109375 5708.0078125 7664.5732421875 8370.8935546875 8269.8359375 8685.4033203125 8807.025390625
-9999 -9999 -9999 -9999 -9999 -9999 -9999 -9999 -9999 -9999 -9999 -9999 -9999 -9999 -9999 -9999 -9999 -9999 -9999 -9999 -9999 -9999 -9999 -9999 -9999 -9999 -9999 -9999 3456.02905273438 410.314086914062 5184.92578125 9525.8818359375 8499.8876953125 8791.9091796875 9281.2529296875 9572.3740234375 9111.8369140625 8767.080078125 8515.521484375 7842.4169921875 6926.7548828125 6227.58984375 6716.0341796875 7075.93115234375 7462.39892578125 7964.9228515625 8153.65185546875 8128.72509765625 7924.990234375 8020.81005859375 8404.4091796875 8946.24609375 9242.310546875 9347.1201171875
-9999 -9999 -9999 -9999 -9999 -9999 -9999 -9999 -9999 -9999 -9999 -9999 -9999 -9999 -9999 -9999 -9999 -9999 -9999 -9999 -9999 -9999 -9999 -9999 -9999 -9999 -9999 -9999 -9999 2219.67895507812 3413.07495117188 8100.14697265625 8571.728515625 9085.08203125 9454.8623046875 9568.455078125 9060.3564453125 8692.8134765625 8481.787109375 8144.38818359375 7230.27099609375 6489.8759765625 7351.0849609375 8033.0400390625 8407.919921875 8327.0654296875 8930.095703125 9223.2236328125 8981.2265625 8559.283203125 8759.7021484375 9339.1748046875 9408.14453125 9436.8642578125
