Variables/MIS5a/biomass.asc
NCOLS 258 
NROWS 132 
XLLCORNER -10.933275447 
YLLCORNER 36.059072361 
CELLSIZE 0.11561 
NODATA_value -9999 
[rows 0 to 23 of 132, columns 54 to 107 of 258]
13827.9501953125 -9999 -9999 -9999 13047.900390625 12910.6103515625 12947.509765625 12697.009765625 12380.919921875 12237.01953125 12177.1904296875 11904.7998046875 11569.91015625 11235.900390625 10954.0703125 10784.66015625 10975.5400390625 11345.400390625 11586.73046875 11296.2998046875 11237.9697265625 11191.6904296875 11091.3203125 10969.3896484375 10866.580078125 10793.1796875 10806.7001953125 10677.400390625 10467.26953125 10275.0498046875 10038.7197265625 9804.7080078125 9610.5078125 9398.0126953125 9204.9541015625 9070.51953125 9485.84375 9576.0556640625 9300.1796875 8640.8642578125 8382.6767578125 8347.8779296875 8348.2861328125 8064.59521484375 7845.63818359375 7919.703125 8517.041015625 8281.0615234375 7029.666015625 6983.93017578125 6653.23876953125 5692.15576171875 4128.130859375 4278.18798828125
-9999 -9999 -9999 13570.349609375 13272.3095703125 13173.5595703125 13280.6396484375 13096.2099609375 12851.41015625 12633.76953125 12391.580078125 12052.259765625 11640.73046875 11278.990234375 11044.7001953125 11036.5595703125 11034.1904296875 11277.2099609375 11496.6201171875 11394.7001953125 11356.9501953125 11278.599609375 11108.08984375 10838.08984375 10620.8203125 10490.759765625 10537.5302734375 10451.599609375 10270.2001953125 10042 9882.361328125 9720.2734375 9497.8974609375 9288.3876953125 9140.6611328125 9105.7646484375 9465.783203125 9609.9521484375 9502.2900390625 9216.818359375 9117.2138671875 9118.970703125 9119.115234375 8897.720703125 8736.3525390625 8824.498046875 9014.1337890625 9154.337890625 9210.568359375 9005.27734375 8438.5771484375 7947.70703125 -9999 -9999
14129.669921875 14144.759765625 14136.9599609375 13822.2802734375 13564.5302734375 13429.5400390625 13551.5400390625 13439.33984375 13253.3701171875 13031.48046875 12680.41015625 12232.08984375 11707.150390625 11378.5302734375 11278.7197265625 11303.8896484375 11198.900390625 11250.9404296875 11346.41015625 11395.91015625 11462.73046875 11393.3603515625 11103.2998046875 10727.1796875 10429.1103515625 10235.33984375 10264.669921875 10211.76953125 10075.5 9801.01171875 9701.0810546875 9625.9521484375 9472.2041015625 9336.2080078125 9292.7890625 9373.9638671875 9515.935546875 9654.373046875 9767.697265625 9739.9619140625 9842.001953125 9975.9033203125 9973.7734375 9945.4814453125 9854.1962890625 9651.4638671875 9502.818359375 9591.033203125 9594.1181640625 9208.083984375 -9999 -9999 -9999 -9999
14273.349609375 14365.099609375 14573.0595703125 14243 13819.5703125 13475.009765625 13506.8701171875 13173.0703125 12851.5595703125 12724.759765625 12160.669921875 11855.1298828125 11868.7099609375 11725.6396484375 11643.4296875 11615.669921875 11608.6904296875 11562.7099609375 11462.51953125 11257.98046875 11289.1796875 11254.2099609375 11054.650390625 10612.5 10376.48046875 10336.349609375 10164.4697265625 10060.3203125 9977.6396484375 9830.5634765625 9756.78125 9821.591796875 9862.6708984375 9779.2841796875 9719.4365234375 9720.5087890625 9873.900390625 9975.775390625 10039.419921875 10212.98046875 10149.2099609375 10029.509765625 10151.6201171875 10309.169921875 10243.0498046875 9724.2119140625 9598.283203125 9548.4189453125 -9999 -9999 -9999 -9999 -9999 -9999
14352.9599609375 14446.5498046875 14502.0703125 14241.7001953125 13893.849609375 13620.0302734375 13684.8095703125 13083.1201171875 12504.8798828125 12272 11803.150390625 11675.330078125 11920.5595703125 11833.4404296875 11751.9404296875 11678.7001953125 11625.91015625 11865.599609375 11969.169921875 11466.7099609375 11281.990234375 11075.66015625 10719.3095703125 10425.26953125 10287.6201171875 10171.6796875 10112.0400390625 10038.7802734375 9939.96484375 9831.787109375 6915.7919921875 4229.8759765625 4672.28515625 6449.85400390625 7736.02880859375 8678.4541015625 9341.359375 9800.6826171875 10046.08984375 10084.3896484375 -9999 -9999 9967.4189453125 9750.7177734375 9398.4111328125 9137.26171875 -9999 -9999 -9999 -9999 -9999 -9999 -9999 7928.31005859375
14362.51953125 14431.8798828125 14381.3896484375 14108.6201171875 13943.76953125 13855.5595703125 13843.6904296875 13157.490234375 12412.3603515625 11869.73046875 11510.4599609375 11876.3095703125 -9999 -9999 -9999 -9999 -9999 -9999 11463.919921875 11299.4404296875 10862.5703125 10478.6103515625 10082.5595703125 9727.42578125 9508.751953125 -9999 -9999 9590.7470703125 9773.6845703125 8267.3291015625 4230.287109375 -9999 3871.61010742188 -9999 -9999 -9999 -9999 -9999 -9999 -9999 -9999 -9999 -9999 -9999 -9999 -9999 -9999 -9999 -9999 -9999 -9999 8900.263671875 -9999 8429.20703125
14620 14568.919921875 14314.98046875 13909.240234375 13998.2998046875 14192.080078125 13870.9599609375 13415.9697265625 12704.1796875 11534.1396484375 -9999 -9999 -9999 -9999 -9999 -9999 -9999 -9999 -9999 9950.359375 -9999 -9999 -9999 -9999 -9999 -9999 -9999 -9999 -9999 -9999 -9999 -9999 -9999 -9999 -9999 -9999 -9999 -9999 -9999 -9999 -9999 -9999 -9999 -9999 -9999 -9999 -9999 -9999 -9999 -9999 -9999 -9999 8947.1328125 8950.1689453125
14343.9501953125 14128.73046875 13869.900390625 13731.9697265625 13744.8603515625 13913.9296875 14031.7099609375 13534.5 12994.900390625 12667.5302734375 -9999 -9999 -9999 -9999 -9999 -9999 -9999 -9999 -9999 -9999 -9999 -9999 -9999 -9999 -9999 -9999 -9999 -9999 -9999 -9999 -9999 -9999 -9999 -9999 -9999 -9999 -9999 -9999 -9999 -9999 -9999 -9999 -9999 -9999 -9999 -9999 -9999 -9999 -9999 -9999 8740.3525390625 -9999 9116.1484375 9208.7216796875
-9999 -9999 -9999 -9999 -9999 -9999 13244.400390625 13124.6796875 13059.849609375 13108.9599609375 -9999 -9999 -9999 -9999 -9999 -9999 -9999 -9999 -9999 -9999 -9999 -9999 -9999 -9999 -9999 -9999 -9999 -9999 -9999 -9999 -9999 -9999 -9999 -9999 -9999 -9999 -9999 -9999 -9999 -9999 -9999 -9999 -9999 -9999 -9999 -9999 -9999 -9999 -9999 -9999 -9999 9054.3779296875 9206.234375 9219.140625
-9999 -9999 -9999 -9999 -9999 -9999 -9999 -9999 -9999 -9999 -9999 -9999 -9999 -9999 -9999 -9999 -9999 -9999 -9999 -9999 -9999 -9999 -9999 -9999 -9999 -9999 -9999 -9999 -9999 -9999 -9999 -9999 -9999 -9999 -9999 -9999 -9999 -9999 -9999 -9999 -9999 -9999 -9999 -9999 -9999 -9999 -9999 -9999 -9999 -9999 8607.6796875 9114.2236328125 9203.0078125 9143.8427734375
-9999 -9999 -9999 -9999 -9999 -9999 -9999 -9999 -9999 -9999 -9999 -9999 -9999 -9999 -9999 -9999 -9999 -9999 -9999 -9999 -9999 -9999 -9999 -9999 -9999 -9999 -9999 -9999 -9999 -9999 -9999 -9999 -9999 -9999 -9999 -9999 -9999 -9999 -9999 -9999 -9999 -9999 -9999 -9999 -9999 -9999 -9999 5153.65478515625 -9999 7758.01708984375 8756.515625 9185.8798828125 9222.251953125 9166.24609375
-9999 -9999 -9999 -9999 -9999 -9999 -9999 -9999 -9999 -9999 -9999 -9999 -9999 -9999 -9999 -9999 -9999 -9999 -9999 -9999 -9999 -9999 -9999 -9999 -9999 -9999 -9999 -9999 -9999 -9999 -9999 -9999 -9999 -9999 -9999 -9999 -9999 -9999 -9999 -9999 -9999 -9999 -9999 -9999 -9999 -9999 -9999 -9999 6472.02001953125 8300.341796875 9098.1689453125 9245.640625 9402.013671875 9360.4384765625
-9999 -9999 -9999 -9999 -9999 -9999 -9999 -9999 -9999 -9999 -9999 -9999 -9999 -9999 -9999 -9999 -9999 -9999 -9999 -9999 -9999 -9999 -9999 -9999 -9999 -9999 -9999 -9999 -9999 -9999 -9999 -9999 -9999 -9999 -9999 -9999 -9999 -9999 -9999 -9999 -9999 -9999 -9999 -9999 6745.3291015625 4816.0751953125 2189.56909179688 3562.05200195312 8631.2421875 8973.7236328125 9272.8837890625 9598.55859375 9562.9287109375 9486.728515625
-9999 -9999 -9999 -9999 -9999 -9999 -9999 -9999 -9999 -9999 -9999 -9999 -9999 -9999 -9999 -9999 -9999 -9999 -9999 8478.8017578125 -9999 6209.376953125 -9999 1795.77404785156 2156.64111328125 -9999 -9999 9132.919921875 9230.76171875 -9999 -9999 -9999 -9999 -9999 -9999 -9999 -9999 -9999 -9999 -9999 -9999 -9999 9378.16015625 8939.1865234375 8226.373046875 7833.0517578125 7713.208984375 8162.50390625 9260.6669921875 9169.8134765625 9297.2978515625 9589.94140625 9637.73046875 9651.296875
-9999 -9999 -9999 -9999 -9999 -9999 -9999 -9999 -9999 -9999 -9999 -9999 -9999 -9999 -9999 -9999 -9999 -9999 -9999 -9999 -9999 -9999 -9999 -9999 5213.2587890625 7207.1650390625 9053.2607421875 10571 10446.2998046875 9534.4306640625 -9999 -9999 -9999 -9999 -9999 -9999 -9999 -9999 -9999 -9999 9501.0390625 9444.6767578125 9466.361328125 9496.7763671875 9474.7724609375 9481.5 9425.0869140625 9355.525390625 9288.470703125 9273.083984375 9365.49609375 9496.064453125 9427.5234375 9157.861328125
-9999 -9999 -9999 -9999 -9999 -9999 -9999 -9999 -9999 -9999 -9999 -9999 -9999 -9999 -9999 -9999 -9999 10640.8896484375 10061.830078125 9416.6484375 -9999 -9999 -9999 -9999 8334.1787109375 12419.349609375 12198.7998046875 11987.849609375 11696.83984375 9194.8671875 8193.134765625 8291.994140625 -9999 -9999 -9999 -9999 -9999 -9999 9566.330078125 9523.5341796875 9450.7431640625 9404.146484375 9517.5556640625 9360.169921875 9254.1943359375 9317.3515625 9381.6337890625 9311.1884765625 9100.7255859375 9230.9755859375 9320.2509765625 9330.1025390625 9130.8203125 8663.849609375
-9999 -9999 -9999 -9999 -9999 -9999 -9999 -9999 -9999 -9999 -9999 -9999 -9999 -9999 -9999 -9999 -9999 -9999 -9999 -9999 -9999 -9999 -9999 -9999 10920.8896484375 12092.5703125 11839.240234375 11560.3701171875 11260.7197265625 10908.830078125 4290.23388671875 4549.048828125 9629.8994140625 10107.4697265625 9971.34375 9864.2685546875 9765.404296875 9663.6396484375 9548.677734375 9444.287109375 9376.587890625 9361.6826171875 9129.314453125 8864.8681640625 8776.98828125 8841.49609375 9062.0947265625 9103.39453125 8935.6337890625 8927.255859375 8977.4150390625 9035.1123046875 8860.9541015625 8681.123046875
-9999 -9999 -9999 -9999 -9999 -9999 -9999 -9999 -9999 -9999 -9999 -9999 -9999 -9999 -9999 -9999 -9999 -9999 -9999 -9999 -9999 10576.5 11028.3095703125 -9999 12119.580078125 11826.2900390625 11357.830078125 11169.5 11050.23046875 10990.91015625 8575.677734375 7198.18212890625 9976.2158203125 10345.900390625 10184.33984375 9974.005859375 9760.7763671875 9558.39453125 9398.1708984375 9314.7744140625 9322.2158203125 9360.31640625 9227.0517578125 9289.076171875 9292.02734375 9075.927734375 9058.0966796875 9013.1103515625 8893.8486328125 8762.9765625 8687.3662109375 8669.4462890625 8730.8056640625 8107.3251953125
-9999 -9999 -9999 -9999 -9999 -9999 -9999 -9999 -9999 -9999 -9999 -9999 -9999 -9999 -9999 -9999 -9999 -9999 -9999 -9999 -9999 11979.4697265625 12619.349609375 12347.2802734375 12042.2001953125 11716.9404296875 11286.330078125 11094.490234375 11124.919921875 10979.259765625 10795.9697265625 10659.4697265625 10656.26953125 10573.2998046875 10464.2998046875 10314.7001953125 9787.3935546875 9493.7431640625 9414.44921875 9227.9111328125 9359.490234375 9573.6240234375 9488.49609375 9638.001953125 9672.146484375 9353.0302734375 9131.6337890625 8974.6201171875 8872.9501953125 8714.8583984375 8548.904296875 8421.546875 8523.9306640625 7813.51806640625
-9999 -9999 -9999 -9999 -9999 -9999 -9999 -9999 -9999 -9999 -9999 -9999 -9999 -9999 -9999 -9999 -9999 -9999 -9999 -9999 -9999 12519.400390625 12306.8701171875 12080.1796875 11827.900390625 11565.8603515625 11328.580078125 11399.4404296875 11516.3798828125 10814.099609375 10773.7998046875 10918.58984375 11066.23046875 11010.41015625 10862.7099609375 10603.5 9975.21875 9686.533203125 9657.130859375 9284.0830078125 9339.2822265625 9568.9599609375 9601.619140625 9641.376953125 9637.376953125 9557.271484375 9226.125 8975.392578125 8860.9228515625 8694.666015625 8458.220703125 8302.572265625 8101.35595703125 7909.1162109375
-9999 -9999 -9999 -9999 -9999 -9999 -9999 -9999 -9999 -9999 -9999 -9999 12327.7001953125 13022.2900390625 -9999 -9999 -9999 -9999 -9999 -9999 -9999 12201.009765625 11999.5302734375 -9999 11587.2197265625 11387.2197265625 11214.169921875 11197.9404296875 11326.66015625 11216.740234375 11166.0400390625 11159.4404296875 11203.919921875 11228.330078125 11146.5595703125 10909.3095703125 10429.16015625 10113.830078125 9904.9736328125 9337.9296875 9267.08203125 9468.236328125 9689.6435546875 9736.822265625 9731.1953125 9709.193359375 9294.6474609375 8943.5380859375 8647.4453125 7295.35693359375 6559.0419921875 6363.212890625 6269.576171875 6172.05908203125
-9999 -9999 -9999 -9999 -9999 -9999 -9999 -9999 -9999 7162.31005859375 9903.373046875 12105.66015625 13286.849609375 13453.6796875 13251.4404296875 -9999 -9999 -9999 -9999 -9999 -9999 -9999 11696.6298828125 -9999 11332.3203125 11175.7802734375 11051.76953125 11043.9599609375 11123.0498046875 11345.5703125 11395.6103515625 11399.1201171875 11432.8701171875 11441.259765625 11291.0400390625 10926.830078125 10474.150390625 10177.6796875 9985.90625 9559.228515625 9396.2080078125 9447.5595703125 9743.46484375 9781.56640625 9705.392578125 9550.33984375 9236.755859375 8641.8916015625 7705.02099609375 6447.791015625 5973.72412109375 6095.2578125 6152.64111328125 6240.119140625
-9999 6474.07177734375 6782.8017578125 5865.7958984375 3229.65209960938 1147.21105957031 1211.85705566406 1124.95397949219 2432.43798828125 7245.0048828125 11999.1298828125 14041.8798828125 13871.73046875 13419.330078125 13129.6796875 12915.6396484375 12649.150390625 -9999 12180.4501953125 11962.1103515625 11757.099609375 11564.7099609375 11387.0498046875 11232.26953125 11076.740234375 10954.099609375 10886.009765625 10920.2802734375 10953.419921875 11210.0302734375 11411.6904296875 11575.1201171875 11669.7802734375 11558.4501953125 11255.0595703125 10680.08984375 10194.58984375 9962.59765625 9936.51171875 9896.65234375 9709.3994140625 9539.609375 9735.9765625 9740.5146484375 9586.1650390625 9182.171875 9140.302734375 8292.689453125 6409.05810546875 6266.39501953125 6536.80419921875 7170.60205078125 7407.73486328125 7730.9560546875
7573.85107421875 11129.08984375 11861.5703125 11187.91015625 11412.759765625 12431.01953125 12059.669921875 11808.400390625 11419.7001953125 12656.6103515625 14341.23046875 14080.330078125 13826.98046875 13271.7802734375 12986.6396484375 12835.1904296875 12380.259765625 11993.33984375 11782.9697265625 11653.669921875 11460.0595703125 11209.6201171875 11060.23046875 10973.2802734375 10842.0302734375 10707.259765625 10775.98046875 10891.8095703125 11004.9404296875 11070.849609375 11202.509765625 11288.6796875 11218.3798828125 11007.98046875 10760.5498046875 10494.830078125 10201.25 10057.4697265625 10046.4296875 10047.0498046875 10069.2998046875 9977.7265625 9444.845703125 9494.9501953125 9586.0595703125 9434.2568359375 9451.3330078125 9102.01953125 8226.306640625 6681.35302734375 6337.6611328125 6910.13720703125 7385.69189453125 7574.42578125
