Variables/MIS5a/biomass.asc
NCOLS 258 
NROWS 132 
XLLCORNER -10.933275447 
YLLCORNER 36.059072361 
CELLSIZE 0.11561 
NODATA_value -9999 
[rows 48 to 71 of 132, columns 54 to 107 of 258]
-9999 -9999 -9999 -9999 -9999 -9999 -9999 -9999 -9999 -9999 -9999 -9999 -9999 -9999 -9999 -9999 -9999 -9999 -9999 -9999 -9999 -9999 -9999 -9999 -9999 -9999 -9999 -9999 4660.662109375 3347.9189453125 3678.5849609375 6553.56884765625 9279.958984375 9470.7119140625 9391.201171875 9411.3720703125 9045.1708984375 8710.630859375 8435.09765625 8335.380859375 7600.94287109375 6983.18798828125 8028.7900390625 8569.5166015625 8803.837890625 8720.228515625 9083.232421875 9309.5869140625 9296.060546875 9130.5 9232.3212890625 9487.9453125 9355.1689453125 9338.1787109375
-9999 -9999 -9999 -9999 -9999 -9999 -9999 -9999 -9999 -9999 -9999 -9999 -9999 -9999 -9999 -9999 -9999 -9999 -9999 -9999 -9999 -9999 -9999 -9999 -9999 -9999 -9999 -9999 -9999 4017.19311523438 3582.626953125 8207.2607421875 8528.9072265625 8975.330078125 9248.3603515625 9111.654296875 8973.251953125 8796.2158203125 8610.9140625 8610.5888671875 8398.2685546875 8262.90234375 8790.05078125 9025.841796875 9151.939453125 9219.1318359375 8796.1240234375 8727.5439453125 9153.451171875 9341.423828125 9306.865234375 9162.7099609375 9317.248046875 9517.6728515625
-9999 -9999 -9999 -9999 -9999 -9999 -9999 -9999 -9999 -9999 -9999 -9999 -9999 -9999 -9999 -9999 -9999 -9999 -9999 -9999 -9999 -9999 -9999 -9999 -9999 -9999 -9999 -9999 -9999 4440.60205078125 3980.97900390625 7406.94921875 7095.90478515625 7419.201171875 7397.11376953125 7127.7431640625 7316.033203125 7909.10888671875 8707.345703125 8824.607421875 8789.22265625 8751.48828125 8920.6806640625 9067.453125 9157.869140625 9133.8896484375 8669.646484375 8586.5966796875 9024.5234375 9142.427734375 9148.6201171875 9145.8974609375 9416.0458984375 9596.00390625
-9999 -9999 -9999 -9999 -9999 -9999 -9999 -9999 -9999 -9999 -9999 -9999 -9999 -9999 -9999 -9999 -9999 -9999 -9999 -9999 -9999 -9999 -9999 -9999 -9999 -9999 -9999 -9999 -9999 4720.15380859375 4182.51220703125 6259.89697265625 5866.68896484375 5601.9208984375 5440.1611328125 5260.5859375 6035.68994140625 7296.94482421875 8806.234375 8871.8212890625 8850.333984375 8805.8251953125 8796.40234375 8994.73828125 9125.466796875 9005.6142578125 8670.685546875 8615.357421875 8913.802734375 8898.345703125 8965.9677734375 9119.732421875 9342.5244140625 9458.3818359375
-9999 -9999 -9999 -9999 -9999 -9999 -9999 -9999 -9999 -9999 -9999 -9999 -9999 -9999 -9999 -9999 -9999 -9999 -9999 -9999 -9999 -9999 -9999 -9999 -9999 -9999 -9999 -9999 -9999 4925.68212890625 4290.0517578125 4992.826171875 6222.4560546875 4792.1337890625 4325.35400390625 5481.51806640625 7001.14892578125 8137.06396484375 8868.5078125 8564.8642578125 8475.578125 8505.884765625 8600.66015625 9001.0615234375 9294.548828125 9193.08203125 8830.1572265625 8667.3447265625 8764.2822265625 8897.2509765625 8918.3984375 8852.33203125 8735.6650390625 8906.248046875
-9999 -9999 -9999 -9999 -9999 -9999 -9999 -9999 -9999 -9999 -9999 -9999 -9999 -9999 -9999 -9999 -9999 -9999 -9999 -9999 -9999 -9999 -9999 -9999 -9999 -9999 -9999 -9999 -9999 5108.05322265625 4392.701171875 4142.39892578125 4730.8291015625 4632.47119140625 4646.97412109375 5002.2841796875 5421.89306640625 6186.6240234375 7207.60302734375 8011.30810546875 8176.9638671875 8089.5048828125 8262.5634765625 8807.92578125 9143.650390625 8867.146484375 8800.1015625 8806.0244140625 8850.490234375 8819.0556640625 8741.0439453125 8658.720703125 8709.345703125 8918.19921875
-9999 -9999 -9999 -9999 -9999 -9999 -9999 -9999 -9999 -9999 -9999 -9999 -9999 -9999 -9999 -9999 -9999 -9999 -9999 -9999 -9999 -9999 -9999 -9999 -9999 -9999 -9999 -9999 -9999 5307.0341796875 4529.75390625 3634.77099609375 3811.01708984375 4200.35595703125 4552.8388671875 4770.0830078125 4488.77197265625 4730.9130859375 5579.28515625 7216.6279296875 7790.548828125 7841.119140625 8050.25 8480.8779296875 8746.5166015625 8573.77734375 8613.9033203125 8654.9931640625 8653.919921875 8603.03125 8520.9619140625 8475.0224609375 8745.765625 8969.7802734375
-9999 -9999 -9999 -9999 -9999 -9999 -9999 -9999 -9999 -9999 -9999 -9999 -9999 -9999 -9999 -9999 -9999 -9999 -9999 -9999 -9999 -9999 -9999 -9999 -9999 -9999 -9999 -9999 -9999 5540.22412109375 4776.1640625 3502.11596679688 4049.2109375 3640.3740234375 3873.94189453125 5173.2841796875 5197.44482421875 4838.32080078125 4314.47998046875 6138.60107421875 7238.19384765625 7875.126953125 8061.62109375 8061.5751953125 8110.93701171875 8453.69140625 8221.5 8055.98779296875 7975.73486328125 8220.6005859375 8288.8525390625 8286.68359375 8723.048828125 8918.3525390625
-9999 -9999 -9999 -9999 -9999 -9999 -9999 -9999 -9999 -9999 -9999 -9999 -9999 -9999 -9999 -9999 -9999 -9999 -9999 -9999 -9999 -9999 -9999 -9999 -9999 -9999 -9999 -9999 -9999 5835.826171875 5163.78515625 3785.90991210938 3703.14697265625 3919.63110351562 4462.48779296875 5479.79296875 5997.25 5693.6689453125 4872.27587890625 5014.56689453125 6462.56884765625 8097.8408203125 8075.56298828125 8152.84521484375 8036.5732421875 7497.998046875 7338.23583984375 7320.64501953125 7442.4912109375 7987.11181640625 8208.4619140625 8240.978515625 8691.4013671875 8959.05078125
-9999 -9999 -9999 -9999 -9999 -9999 -9999 -9999 -9999 -9999 -9999 -9999 -9999 -9999 -9999 -9999 -9999 -9999 -9999 -9999 -9999 -9999 -9999 -9999 -9999 -9999 -9999 -9999 -9999 6240.5458984375 5643.6181640625 4282.4609375 3790.37109375 3877.20703125 4303.73193359375 4989.505859375 5841.7822265625 6114.11083984375 5804.6298828125 5073.455078125 5951.68310546875 7384.0048828125 7795.7451171875 7814.56494140625 7288.69580078125 6002.97802734375 6709.40283203125 7379.009765625 7632.94482421875 8111.6630859375 8345.5751953125 8431.2451171875 8774.630859375 9033.9580078125
-9999 -9999 -9999 -9999 -9999 -9999 -9999 -9999 -9999 -9999 -9999 -9999 -9999 -9999 -9999 -9999 -9999 -9999 -9999 -9999 -9999 -9999 -9999 -9999 -9999 -9999 -9999 -9999 -9999 6780.55322265625 6043.18505859375 4778.630859375 3901.36791992188 3551.49389648438 3527.39306640625 3812.51391601562 4859.43798828125 5877.39892578125 6825.509765625 5912.27099609375 5749.06103515625 6117.7578125 7361.85107421875 7180.65478515625 6138.67578125 4250.94091796875 6479.755859375 8038.419921875 8410.1181640625 8511.6240234375 8648.2802734375 8805.7470703125 8953.6533203125 9116.0166015625
-9999 -9999 -9999 -9999 -9999 -9999 -9999 -9999 -9999 -9999 -9999 -9999 -9999 -9999 -9999 -9999 -9999 -9999 -9999 -9999 -9999 -9999 -9999 -9999 -9999 -9999 -9999 -9999 -9999 7512.40283203125 6909.93896484375 5858.5498046875 4089.73999023438 3730.837890625 3768.1298828125 3993.02490234375 4046.25390625 4322.55517578125 4745.7109375 4762.60009765625 5874.39306640625 7296.5380859375 7774.5439453125 7375.369140625 6725.52783203125 6115.2880859375 7070.658203125 7938.990234375 8413.9296875 8715.5126953125 8871.669921875 8939.681640625 9083.9580078125 9111.6923828125
-9999 -9999 -9999 -9999 -9999 -9999 -9999 -9999 -9999 -9999 -9999 -9999 -9999 -9999 -9999 -9999 -9999 -9999 -9999 -9999 -9999 -9999 -9999 -9999 -9999 -9999 -9999 -9999 -9999 8232.8486328125 8234.333984375 6973.5009765625 4364.07080078125 4057.14990234375 4104.291015625 4044.76806640625 4411.1240234375 4469.36279296875 4360.5078125 5079.625 6242.84814453125 7309.56103515625 7324.36376953125 7237.9111328125 7010.35693359375 6618.14697265625 7529.7431640625 8261.6259765625 8504.13671875 8704.71875 8837.052734375 8926.9970703125 9048.68359375 9006.765625
-9999 -9999 -9999 -9999 -9999 -9999 -9999 -9999 -9999 -9999 -9999 -9999 -9999 -9999 -9999 -9999 -9999 -9999 -9999 -9999 -9999 -9999 -9999 -9999 -9999 -9999 -9999 -9999 -9999 8369.396484375 8907.392578125 7407.86181640625 4497.69580078125 4356.48681640625 4365.48095703125 4016.31005859375 5026.494140625 5151.0517578125 4661.81982421875 5863.77197265625 6687.07177734375 7111.72705078125 6841.169921875 7188.47900390625 7300.97900390625 6672.68603515625 7868.8720703125 8627.453125 8583.1162109375 8561.9296875 8651.4521484375 8803.7548828125 8828.5400390625 8768.82421875
-9999 -9999 -9999 -9999 -9999 -9999 -9999 -9999 -9999 -9999 -9999 -9999 -9999 -9999 -9999 -9999 -9999 -9999 -9999 -9999 -9999 -9999 -9999 -9999 -9999 -9999 -9999 -9999 -9999 7995.76806640625 7410.31884765625 5309.4560546875 4493.1279296875 4325.02587890625 4237.9580078125 4128.3701171875 4288.744140625 4394.7138671875 4518.39013671875 5377.0791015625 6972.81787109375 8403.2216796875 7945.35302734375 8137.375 8290.1923828125 7992.7421875 8103.0029296875 8283.5654296875 8468.7783203125 8347.0703125 8417.6689453125 8566.0341796875 8255.4306640625 8254.32421875
-9999 -9999 -9999 -9999 -9999 -9999 -9999 -9999 -9999 -9999 -9999 -9999 -9999 -9999 -9999 -9999 -9999 -9999 -9999 -9999 -9999 -9999 -9999 -9999 -9999 -9999 -9999 -9999 5353.97705078125 6656.14111328125 5948.89306640625 5049.63720703125 4713.89501953125 4357.56884765625 4293.73681640625 4654.39697265625 5312.0361328125 5644.4267578125 5813.30078125 6849.1650390625 8020.64404296875 8886.7314453125 8548.216796875 8649.3310546875 8710.744140625 8453.966796875 8658.11328125 8873.619140625 8973.869140625 8739.4140625 8555.939453125 8440.685546875 8368.41015625 8517.546875
-9999 -9999 -9999 -9999 -9999 -9999 -9999 -9999 -9999 -9999 -9999 -9999 -9999 -9999 -9999 -9999 -9999 -9999 -9999 -9999 -9999 -9999 -9999 -9999 -9999 -9999 -9999 -9999 3274.8310546875 3982.17895507812 4985.73193359375 5333.80517578125 5550.09619140625 5278.44384765625 5309.39306640625 5889.248046875 6924.125 7314.42822265625 7280.7998046875 8414.9814453125 8945.017578125 9074.87890625 8955.1025390625 8987.853515625 8943.4169921875 8679.32421875 9154.1796875 9429.04296875 9325.0859375 9113.9384765625 8783.5 8443.701171875 8543.76171875 8759.4140625
-9999 -9999 -9999 -9999 -9999 -9999 -9999 -9999 -9999 -9999 -9999 -9999 -9999 -9999 -9999 -9999 -9999 -9999 -9999 -9999 -9999 -9999 -9999 -9999 -9999 -9999 -9999 -9999 639.11572265625 4054.63793945312 5018.615234375 5619.18896484375 7493.89306640625 7863.42578125 8069.091796875 8323.12890625 8613.51953125 8578.998046875 8332.1416015625 8999.1533203125 9155.798828125 9104.4482421875 9285.4384765625 9245.1083984375 9137.6689453125 8989.5859375 9331.4052734375 9355.8369140625 8920.29296875 9094.1904296875 8964.892578125 8626.04296875 8439.87890625 8492.7841796875
-9999 -9999 -9999 -9999 -9999 -9999 -9999 9894.8857421875 -9999 -9999 -9999 -9999 -9999 -9999 -9999 -9999 -9999 -9999 -9999 -9999 -9999 -9999 -9999 -9999 -9999 -9999 -9999 2904.712890625 3101.81396484375 5359.68115234375 5977.0830078125 6597.15380859375 8477.09765625 8707.5361328125 8766.7998046875 9024.486328125 9231.4990234375 9277.16796875 9227.1943359375 9420.7451171875 9385.0341796875 9271.861328125 9321.142578125 9270.1259765625 9206.6669921875 9184.748046875 9361.919921875 9345.529296875 9093.6103515625 9242.158203125 9222.8369140625 9016.068359375 8615.5068359375 8579.8203125
9986.6015625 -9999 -9999 -9999 -9999 9605.875 9951.478515625 10451.900390625 10951.080078125 11046.83984375 11052.75 -9999 11055.009765625 11047.849609375 11027.830078125 10996.8095703125 10949.7001953125 10811.4404296875 -9999 -9999 -9999 -9999 -9999 -9999 -9999 -9999 -9999 6091.212890625 5025.1318359375 6321.60693359375 7034.11376953125 7813.69189453125 9194.0341796875 9254.15234375 9258.19140625 9520.140625 9762.5078125 9917.765625 9985.2177734375 9960.0576171875 9796.6845703125 9608.4453125 9579.3349609375 9502.03125 9437.2197265625 9425.234375 9445.125 9429.1767578125 9371.9482421875 9406.330078125 9391.220703125 9282.58203125 8896.759765625 8844.546875
12739.580078125 7501.39111328125 1078.15100097656 8842.71875 11362.7197265625 11408.490234375 11345.48046875 11428.7802734375 11486.48046875 11439.4404296875 11173.009765625 11058.990234375 11127.330078125 11169.0498046875 11183.1796875 11207.33984375 11416.4599609375 11217.8095703125 10880.83984375 10590.01953125 10211.2099609375 9794.70703125 9338.990234375 8858.333984375 8447.390625 8460.9482421875 9125.2685546875 8042.81689453125 5993.82177734375 6832.19482421875 8092.123046875 9175.421875 9678.7275390625 9810.6611328125 9897.431640625 10019.0302734375 10369.4296875 10548.650390625 10628.7197265625 10641.650390625 10399.759765625 10115.5498046875 10132.8896484375 10012.5 9886.6240234375 9774.45703125 9658.2685546875 9633.4404296875 9763.7412109375 9567.0693359375 9455.515625 9378.455078125 9265.970703125 9262.640625
13680.2001953125 11775.2001953125 10048.25 12234.6904296875 12899.8095703125 12795.4404296875 12619.0703125 12793.4404296875 12896.8603515625 12718.650390625 12666.8203125 12653.8603515625 12634.2998046875 12367.3701171875 12312.4697265625 12266.33984375 12036.400390625 12164.6201171875 12240.9697265625 11848.150390625 11495.099609375 11057.3701171875 10755.5400390625 10622.7197265625 10747.849609375 11060.150390625 10932.3603515625 10363.0498046875 9735.7001953125 9669.7451171875 9915.986328125 10214.16015625 10385.7197265625 10477.8603515625 10558.669921875 10638.9599609375 10645.08984375 10593.099609375 10558.650390625 10937.0400390625 10759.5302734375 10383.73046875 10354.8798828125 10332.1796875 10364.259765625 10488.8896484375 10253.509765625 10065.8896484375 9995.4140625 9836.3828125 9721.513671875 9671.689453125 9771.671875 9821.8203125
14776.8603515625 15926.83984375 18111.69921875 15228.3701171875 13954.73046875 13569.5498046875 13396.330078125 13673.580078125 13844.6904296875 13613.0595703125 13373.0595703125 13194.7802734375 13084.9501953125 12971.4599609375 12832.5 12657.9599609375 12395.669921875 12565.400390625 12706.2099609375 12316.1796875 12119.1103515625 11921.419921875 11670.9296875 11658.23046875 11683.1396484375 11678.26953125 11400.759765625 11384.0703125 11450.650390625 11204.150390625 11115.990234375 11062.7001953125 10964.4404296875 11043.2998046875 11137.9697265625 11152.080078125 10487.5703125 10370.5595703125 10766.3701171875 11042.48046875 10947.01953125 10721.1796875 10704.740234375 10697.0703125 10765.580078125 10959.8798828125 10716.080078125 10552.6298828125 10559.419921875 10409.16015625 10289.66015625 10226.849609375 10286.580078125 10324.41015625
15815.669921875 19147.779296875 24688.869140625 17772.240234375 14823.91015625 13865.3798828125 13719.1796875 14003.2802734375 14200.5400390625 13972.259765625 13335.1298828125 12916.8603515625 12729.75 12914.6396484375 12783.1796875 12508.4404296875 12481.1904296875 12483.41015625 12427.330078125 12115.3203125 12055.759765625 12041.1904296875 11994.73046875 11795.830078125 11673.7197265625 11611.5703125 11292.419921875 11368.9296875 11636.9599609375 11778.2998046875 11840.4501953125 11773.919921875 11509.75 11704.98046875 11840.7001953125 11806.3095703125 10541.4599609375 10538.759765625 11478.7099609375 11292.1103515625 11364.8603515625 11434.8701171875 11404.5498046875 11320.1904296875 11282.830078125 11495.4501953125 11303.599609375 11206.9697265625 11355.1396484375 11171.7998046875 11018.6298828125 10902.009765625 10738.6796875 10721.240234375
