Variables/MIS5a/biomass.asc
NCOLS 258 
NROWS 132 
XLLCORNER -10.933275447 
YLLCORNER 36.059072361 
CELLSIZE 0.11561 
NODATA_value -9999 
[rows 0 to 23 of 132, columns 108 to 161 of 258]
-9999 -9999 -9999 2930.04711914062 -9999 1923.40405273438 -9999 1828.04602050781 1960.40100097656 1879.28100585938 1470.50500488281 940.873779296875 1929.13000488281 6185.2138671875 8967.7138671875 8683.7880859375 8565.4189453125 8477.8369140625 8965.7783203125 10713.5498046875 10888.5400390625 10621.7802734375 9970.2119140625 9357.984375 8956.4404296875 8402.9619140625 7403.5791015625 5540.7548828125 5969.1630859375 5860.47998046875 4640.60107421875 4816.087890625 5221.18896484375 5669.96484375 5626.4560546875 5508.212890625 5382.8310546875 5348.0322265625 6812.0908203125 8055.3701171875 8063.68408203125 8052.9072265625 7816.22216796875 7368.1982421875 7612.37890625 7898.97900390625 8036.27294921875 7289.626953125 7965.69189453125 8885.2919921875 8705.140625 9217.1279296875 9673.818359375 9767.1337890625
-9999 -9999 4104.30615234375 3236.31396484375 2253.82104492188 1280.67895507812 831.07373046875 1665.84204101562 2721.26806640625 3658.19799804688 4885.5478515625 5752.19287109375 8749.40234375 11609.58984375 10991.5 10960.2099609375 11013.01953125 10995.150390625 10912 10916.2001953125 10969.2802734375 10750.5703125 10380.169921875 9923.6181640625 9429.419921875 7817.93115234375 6306.251953125 5866.123046875 6235.22314453125 6147.56298828125 5307.755859375 5018.4189453125 5111.85107421875 5426.7431640625 5440.46923828125 5156.73779296875 4871.87109375 5065.68115234375 6638.51513671875 7906.13623046875 7822.201171875 8109.60888671875 8107.39697265625 7762.56494140625 8060.37890625 8314.654296875 8454.28125 8374.9765625 8695.0859375 9111.25390625 9300.666015625 9705.2734375 10006.830078125 10034.26953125
-9999 -9999 5389.14111328125 4449.22607421875 3264.51708984375 1770.81604003906 1968.498046875 2664.07299804688 9310.56640625 11974.509765625 11859.1796875 11548.3203125 11542.2099609375 11498.919921875 11020.3603515625 10978.2001953125 11030.26953125 11093.599609375 10966.1201171875 10872.33984375 10799.2197265625 10483.83984375 10412.509765625 10349.48046875 9719.982421875 7419.3818359375 5765.98876953125 6743.55419921875 6726.34716796875 6434.6201171875 5984.39208984375 5424.501953125 5235.47314453125 5354.97900390625 5428.841796875 5300.11376953125 5247.9619140625 5816.02001953125 7077.06396484375 7924.7919921875 7615.955078125 8141.06787109375 8240.091796875 7769.759765625 8097.244140625 8321.615234375 8478.0751953125 8828.8388671875 8915.060546875 9049.150390625 9657.7666015625 9934.0283203125 10097.7001953125 10189.1796875
8177.75 8516.0224609375 7993.15185546875 7494.755859375 7447.7001953125 8239.5966796875 9289.58984375 10379.2001953125 11801.4296875 12125.6904296875 11677.8798828125 11005.8701171875 10764.7802734375 10894.259765625 11666.4697265625 10867.240234375 10220.080078125 10195.91015625 10332.8798828125 10363.08984375 10231.8896484375 9469.126953125 9425.4697265625 9523.3193359375 8607.2333984375 7710.75390625 7000.9521484375 6727.72216796875 6837.453125 6568.01416015625 5783.19677734375 6034.037109375 6294.8271484375 6494.58203125 6352.87109375 6790.52587890625 7501.6689453125 8042.81591796875 8434.6396484375 8486.447265625 7898.27978515625 8342.427734375 8653.0009765625 8694.0888671875 8693.185546875 8613.3828125 8501.41015625 8574.22265625 8857.9912109375 9236.7998046875 9626.9072265625 9696.998046875 9802.578125 10099.349609375
7773.6259765625 9551.0673828125 10353.080078125 10503.830078125 10323.58984375 10819.3203125 11428.7998046875 11971.169921875 11773.6904296875 11603.5498046875 11409.900390625 10875.4404296875 10838.900390625 10845.51953125 10478.4404296875 10541.7099609375 10542.9296875 10319.349609375 10213.990234375 10128.2998046875 10012.26953125 9649.708984375 9152.845703125 8687.7568359375 8608.619140625 8389.900390625 8116.10302734375 7835.10302734375 7765.06494140625 7579.06982421875 7233.98876953125 7412.2412109375 7566.27392578125 7589.77880859375 7221.64697265625 7656.7177734375 8434.880859375 8978.3154296875 9178.5888671875 9187.3447265625 9027.6787109375 9163.27734375 9218.943359375 9125.5224609375 9041.625 8927.94140625 8785.626953125 8611.82421875 8817.9296875 9218.369140625 9698.6416015625 9733.7216796875 9769.140625 9979.0673828125
8446.5634765625 11069.580078125 11938.0498046875 12067.4501953125 11662.259765625 11640.1298828125 11750.1904296875 11888.349609375 11393.4697265625 11302.400390625 11366.6103515625 10794.75 10405.8603515625 10092.5400390625 9796.9228515625 10272.9599609375 10554.5400390625 10312.4599609375 10071.5400390625 9854.2431640625 9661.9453125 9495.578125 8839.560546875 8212.576171875 8827.9853515625 8921.8408203125 8842.9921875 8769.072265625 8631.248046875 8524.29296875 8479.8134765625 8548.501953125 8556.8193359375 8468.1552734375 8125.10302734375 8466.603515625 9093.2333984375 9503.341796875 9686.6220703125 9822.5126953125 9982.8193359375 9942.255859375 9798.35546875 9573.5537109375 9431.4267578125 9249.7783203125 9046.1591796875 8899.1611328125 8935.072265625 9173.75390625 9774.0654296875 9775.181640625 9758.365234375 9942.916015625
9916.0361328125 12721.6103515625 12659.58984375 12154.6904296875 11720.0302734375 11326.1396484375 11148.1396484375 11189.33984375 11347.7900390625 11563.5 11687.1298828125 10637.5703125 8948.3828125 8112.0927734375 10546.2099609375 10113.4697265625 9668.705078125 9774.4716796875 9711.6748046875 9409.17578125 8933.310546875 8430.419921875 8245.591796875 8323.84375 9008.255859375 9063.1572265625 8987.853515625 9070.48046875 9063.818359375 9021.263671875 8927.8818359375 8999.73828125 9003.759765625 8970.9775390625 9074.34375 9381.287109375 9751.75 9805.8447265625 10039.8603515625 10286.23046875 10441.849609375 10391.16015625 10316.8603515625 10216.98046875 9964.7255859375 9587.9775390625 9178.8974609375 9471.708984375 9286.3212890625 9164.13671875 9795.927734375 9714.064453125 9696.1640625 10023.150390625
9452.2470703125 10820.5 12024.7900390625 12444.7998046875 12088.1298828125 11619.3701171875 11274.169921875 11093.9697265625 11078.8095703125 11071.9599609375 10906.5 10005.3701171875 9244.779296875 8916.7880859375 9530.5283203125 8934.876953125 8906.98828125 10015.7197265625 9547.3759765625 8868.095703125 8266.724609375 8458.892578125 8589.185546875 8736.537109375 9171.70703125 9079.1298828125 8939.9541015625 9082.2265625 9044.3984375 9052.75 9153.3271484375 9110.3916015625 9150.30078125 9256.0361328125 9273.6640625 9562.1416015625 9899.853515625 9941.466796875 10127.349609375 10280.650390625 10291.83984375 10334.6298828125 10328.6298828125 10264.0400390625 10246.0595703125 10149.5302734375 9980.802734375 9747.9755859375 9497.96875 9339.828125 9471.0234375 9577.353515625 9770.41796875 10096.98046875
9207.6220703125 9896.5048828125 11074.2099609375 12002.4404296875 12189.4697265625 11760.6201171875 11440.0302734375 11315.3203125 11134.2998046875 10789.01953125 10346.919921875 9942.431640625 9665.4921875 9386.89453125 8976.6015625 8388.4404296875 8505.0966796875 9643.654296875 9291.66015625 8779.4365234375 8369.9345703125 8629.2734375 8903.8623046875 9128.5771484375 9195.650390625 9103.3740234375 8966.0078125 8851.8076171875 8957.779296875 9129.228515625 9291.40625 8936.4560546875 8994.6328125 9399.52734375 9568.4189453125 9783.521484375 9998.4404296875 10121.490234375 10244.73046875 10303.1904296875 10237.6298828125 10232.5595703125 10219.9404296875 10203.1103515625 10341.830078125 10360.7802734375 10234.58984375 9857.2939453125 9690.9345703125 9602.4453125 9470.80078125 9603.2724609375 9858.171875 10187.150390625
8979.005859375 9419.001953125 10075.1396484375 10909.330078125 12041.83984375 11651.73046875 11532.1298828125 11791.1396484375 11321.98046875 10604.6298828125 9985.0947265625 10346.5 9839.375 9211.537109375 8909.4453125 8655.44140625 8568.5556640625 8678.5126953125 8916.470703125 9072.50390625 9195.7470703125 8843.9365234375 9064.3076171875 9442.8671875 9107.4755859375 9153.77734375 9074.2041015625 8435.509765625 8916.71484375 9306.482421875 9425.3251953125 8625.3583984375 8712.2880859375 9473.4873046875 9991.9716796875 10090.1796875 10083.7099609375 10331.8798828125 10378.259765625 10365.599609375 10294.400390625 10161.48046875 10084.83984375 10065.4501953125 10293.7802734375 10228.7099609375 9950.5283203125 9801.0712890625 9835.728515625 9915.384765625 9794.134765625 9802.091796875 9952.4072265625 10294.1103515625
9118.349609375 8865.771484375 9699.2265625 10595.6201171875 11136.98046875 11331.0400390625 11423.6904296875 11305.8798828125 9683.3271484375 8909.25 8856.544921875 9381.431640625 9001.1103515625 8448.11328125 8352.4892578125 9410.2734375 9733.724609375 8655.02734375 8485.7509765625 8803.3173828125 9396.7509765625 9250.0048828125 9193.51171875 9212.283203125 9269.1318359375 9217.591796875 9093.212890625 8898.470703125 9292.7744140625 9510.9443359375 9362.2041015625 9139.3798828125 9446.1416015625 10093.33984375 10029.400390625 10030.6396484375 10091.26953125 10212.9404296875 10160.0400390625 10094.4599609375 10100.4599609375 10185.91015625 10212.349609375 10172.25 10320.0498046875 10302.8701171875 10080.1298828125 9437.5078125 9626.7822265625 10030.2998046875 9999.5634765625 10032.419921875 10117.4404296875 10260.0595703125
9323.4345703125 9292.9052734375 9588.9208984375 9944.9208984375 10206.580078125 9525.1533203125 9026.150390625 8751.0458984375 7551.9931640625 7032.673828125 7007.951171875 7016.916015625 7234.7421875 7601.009765625 8151.02978515625 8965.7001953125 9266.44140625 8737.1015625 8617.2177734375 8825.5634765625 9231.41796875 9223.869140625 9211.4345703125 9230.0693359375 9328.8232421875 9298.595703125 9238.5390625 9219.275390625 9500.9443359375 9640.791015625 9525.4365234375 9474.96875 9735.3251953125 10160.8603515625 10069.08984375 10080.16015625 10118.98046875 10036.6796875 9098.138671875 8377.751953125 8588.185546875 9354.4736328125 9852.46875 9927.259765625 9995.25390625 10002.0498046875 9863.1259765625 9226.9326171875 9582.111328125 10179.419921875 10217 10236.3701171875 10227.0302734375 10174.3701171875
9507.1474609375 9886.1572265625 9508.61328125 9251.0107421875 9437.6806640625 7577.458984375 6251.8720703125 5699.001953125 5672.56201171875 5677.27001953125 5466.341796875 4459.90283203125 5392.76806640625 6855.5888671875 8004.4169921875 7958.35498046875 8063.94189453125 8736.0341796875 8684.4091796875 8657.0087890625 8719.935546875 8909.2412109375 9143.01953125 9348.205078125 9321.4580078125 9364.1845703125 9402.37890625 9371.662109375 9529.2490234375 9651.091796875 9680.4384765625 9617.826171875 9734.30078125 9977.3994140625 10076.1103515625 10130.16015625 10028.75 9431.283203125 7547.9501953125 6220.0439453125 6648.0810546875 7993.34423828125 9027.828125 9566.1015625 9596.7275390625 9589.65234375 9514.330078125 9188.2236328125 9681.5927734375 10329.1298828125 10404.6796875 10359.9404296875 10255.6103515625 10079.6396484375
9444.5693359375 8592.6923828125 8995.4453125 9337.5703125 9063.216796875 8723.814453125 7640.76416015625 5914.453125 5967.78076171875 6674.6328125 7198.97509765625 4714.17578125 5345.77197265625 6749.7568359375 7097.37890625 7660.6689453125 8041.11279296875 8053.89892578125 7047.7421875 6887.1259765625 7600.40576171875 8483.802734375 8989.404296875 9235.7353515625 9298.912109375 9325.0380859375 9302.669921875 9191.0224609375 9288.548828125 9343.7216796875 9310.689453125 9500.962890625 9776.0771484375 10053.5595703125 9894.0830078125 9860.62109375 9336.3466796875 6931.81982421875 6015.9970703125 5915.044921875 6606.451171875 6575.69384765625 7499.9208984375 9538.34765625 9795.01171875 9674.2890625 9394.51171875 9482.8037109375 9912.306640625 10358.0498046875 10414.1201171875 10224.91015625 10082.0498046875 10112.01953125
8815.30859375 8520.134765625 8498.6669921875 8566.8310546875 8641.7978515625 8258.25390625 7436.9951171875 6312.875 5943.68017578125 6110.23193359375 6252.22021484375 4882.51318359375 5718.89501953125 6945.83203125 6988.875 7402.4208984375 7763.2509765625 7886.56298828125 7499.5859375 7302.60498046875 7449.40087890625 8340.3388671875 8774.353515625 8823.962890625 8484.3037109375 8499.6240234375 8708.9345703125 9058.2177734375 8919.2041015625 8890.654296875 9103.5556640625 9017.5048828125 9287.98046875 9786.513671875 9736.744140625 9642.748046875 8937.4951171875 6293.39794921875 5542.81787109375 5626.47900390625 6228.72802734375 6209.02490234375 7286.56787109375 9589.0693359375 10178.0302734375 10137.5703125 9763.8720703125 9497.87109375 9916.6259765625 10450.1103515625 10459.080078125 10298.9697265625 10214.41015625 10323.740234375
8320.376953125 8720.17578125 8116.61279296875 7772.13818359375 8244.5830078125 7235.97021484375 6694.10009765625 6750.0927734375 6031.587890625 5565.7041015625 5267.84619140625 4880.27587890625 6065.326171875 7349.93212890625 7352.98583984375 7472.2470703125 7641.341796875 7860.52294921875 8298.40625 8226.533203125 7759.93603515625 8147.55078125 8339.259765625 8307.2978515625 7861.15087890625 7904.76611328125 8276.0283203125 8996.1064453125 8681.3828125 8623.880859375 9079.29296875 8758.517578125 8938.470703125 9512.91796875 9604.943359375 9515.755859375 8894.638671875 6772.9111328125 6033.77490234375 5813.78515625 5873.35498046875 6518.4521484375 7864.71923828125 9840.6591796875 10390.4599609375 10363.080078125 9930.296875 9291.9248046875 9793.0341796875 10515.6904296875 10439.3603515625 10350.01953125 10353.83984375 10513.5703125
8585.22265625 8611.5517578125 7983.76611328125 7609.873046875 7926.3779296875 6279.4580078125 6032.35986328125 7369.0068359375 6630.13818359375 6322.47216796875 6113.2900390625 4571.81396484375 6063.5859375 7990.27978515625 8237.5 8272.9189453125 8093.81298828125 7612.56103515625 8230.4384765625 8560.900390625 8530.6630859375 7623.60693359375 7475.06298828125 7750.56591796875 8321.525390625 8467.2880859375 8606.2958984375 8992.646484375 8830.9326171875 8893.83203125 9310.3828125 9292.107421875 9316.275390625 9397.84375 9512.732421875 9552.4541015625 9357.8193359375 8482.421875 7888.1650390625 7101.3798828125 5645.26220703125 7566.28515625 9213.556640625 10149.900390625 10068.01953125 9753.3056640625 9256.9326171875 8801.1748046875 9565.31640625 10458.8203125 10222.25 10183.009765625 10269.349609375 10510.3798828125
7533.56201171875 8032.93994140625 7892.69482421875 7657.6318359375 7516.087890625 6928.6298828125 6524 6390.7001953125 6356.18408203125 6039.76611328125 5652.673828125 5801.90478515625 6917.56982421875 8091.80908203125 8479.1103515625 8741.4609375 8677.7509765625 8208.1416015625 8385.232421875 8553.626953125 8528.7744140625 7711.2578125 7725.869140625 8214.5078125 8624.572265625 8673.65234375 8539.2763671875 8278.556640625 8307.8408203125 8640.41796875 9222.001953125 8923.890625 8960.2841796875 9311.3056640625 9443.123046875 9526.7568359375 9493.9560546875 9145.302734375 8896.568359375 8531.6845703125 7950.15478515625 8885.8740234375 9695.009765625 10032.2900390625 10024.2099609375 9701.009765625 9229.021484375 9058.373046875 9617.7587890625 10230.5302734375 10093.759765625 10254.330078125 10448.7802734375 10569.4501953125
7043.72607421875 7214.30419921875 7393.296875 7386.5 7064.27880859375 6988.740234375 6550.52880859375 5796.130859375 6021.884765625 5599.7900390625 5004.22314453125 5784.51416015625 6824.7900390625 7854.81103515625 8611.669921875 8706.7216796875 8621.2958984375 8428.015625 7528.59912109375 7075.251953125 7054.52001953125 6644.7568359375 7241.40576171875 8251.7587890625 8602.1015625 8642.494140625 8431.9013671875 7908.05419921875 7953.33203125 8390.2744140625 9135.853515625 8874.6015625 8982.013671875 9413.4873046875 9494.1220703125 9536.8134765625 9545.2001953125 9486.353515625 9425.076171875 9330.6376953125 9190.4111328125 9600.4892578125 9818.9931640625 9748.0390625 10012.4599609375 9764.9990234375 9271.6279296875 9534.517578125 9829.138671875 10048.01953125 10021.91015625 10285.16015625 10496.0595703125 10508.4296875
7547.0478515625 6164.04296875 6376.7900390625 6625.72900390625 6446.5791015625 5855.30810546875 5685.791015625 5960.85693359375 5865.36181640625 5312.72314453125 4410.98193359375 3834.82299804688 5363.5849609375 7314.72705078125 8749.6669921875 8170.658203125 7766.76708984375 8229.96875 5368.64697265625 3885.88696289062 3648.90405273438 3979.30590820312 5579.14990234375 7529.23779296875 8171.37890625 8371.7138671875 8348.953125 8148.5751953125 8003.39111328125 8289.9345703125 9074.978515625 9460.2666015625 9665.0048828125 9758.3193359375 9691.82421875 9603.5400390625 9541.7431640625 9608.171875 9486.49609375 9212.23828125 8634.158203125 9450.439453125 9711.353515625 9166.482421875 9957.162109375 9820.171875 9276.6796875 10108.16015625 10148.9404296875 9966.7919921875 10021.400390625 10198.2001953125 10305.0302734375 10233.48046875
6084.123046875 6034.35400390625 6036.2568359375 5882.68505859375 5448.03076171875 5242.89794921875 5472.3681640625 6097.5908203125 6410.869140625 6083.5478515625 5360.35302734375 4685.48681640625 5888.123046875 7611.50390625 8820.0224609375 8867.013671875 8672.0986328125 8313.521484375 5206.5888671875 3597.27905273438 3645.0439453125 3599.837890625 5556.1650390625 8010.52001953125 7941.048828125 7998.39794921875 8035.3818359375 7925.6240234375 7966.0380859375 8374.0634765625 9192.4267578125 9560.5888671875 9672.935546875 9618.021484375 9645.1337890625 9557.3759765625 9461.7861328125 9536.6533203125 9131.9033203125 8883.46484375 9212.3857421875 9823.978515625 10158.0498046875 10080.259765625 9644.876953125 9626.8291015625 9912.162109375 10100.4697265625 10074.2802734375 10003.48046875 10071.5595703125 10143.7900390625 10242.5595703125 10374.3798828125
6193.02392578125 5702.60595703125 5999.14697265625 5992.119140625 5161.658203125 5213.97119140625 5588.212890625 6081.48681640625 5738.365234375 5631.5390625 5604.64013671875 5067.94482421875 6119.31298828125 7666.341796875 8891.697265625 8432.8486328125 8060.80322265625 8162.9560546875 5258.94189453125 3742.93310546875 3819.89306640625 3764.32788085938 5695.6728515625 8139.72509765625 8186.751953125 8204.470703125 8178.22802734375 8065.31005859375 8150.97021484375 8428.04296875 8901.9853515625 9319.0107421875 9525.7744140625 9572.0859375 9683.46484375 9380.4306640625 9013.1640625 9128.8232421875 9012.7060546875 9057.4169921875 9542.96875 9981.62890625 10264.8603515625 10262.7001953125 9181.591796875 9054.6796875 9625.978515625 9915.083984375 10065.6103515625 10113.23046875 10024.400390625 9784.4130859375 9788.607421875 10232.58984375
7549.81787109375 5311.205078125 6171.39306640625 6674.27978515625 5383.509765625 5629.56591796875 5974.6318359375 6158.630859375 4416.73486328125 4461.77587890625 5360.1630859375 5173.19677734375 6187.75 7539.58203125 8905.7412109375 7154.60595703125 6315.26318359375 7745.794921875 5195.18798828125 3949.32104492188 4072.47290039062 4164.90185546875 5786.51220703125 7950.4501953125 8748.7763671875 8817.900390625 8651.056640625 8418.5751953125 8472.1259765625 8493.4609375 8339.41796875 8943.6904296875 9369.62109375 9633.912109375 9769.564453125 9174.6328125 8432.341796875 8596.546875 9166.984375 9608.5791015625 9648.580078125 9915.330078125 10067.349609375 9994.265625 8792.755859375 8449.9384765625 8753.427734375 9716.1435546875 10174.3701171875 10270.48046875 9932.5576171875 9316.279296875 9145.9951171875 9912.4423828125
7375.92919921875 6385.01904296875 6406.30908203125 6306.52685546875 5615.65380859375 5984.72705078125 6626.630859375 7256.98681640625 6041.77294921875 5781.033203125 6309.97119140625 7387.01708984375 7815.998046875 7955.3740234375 7981.43994140625 7233.9658203125 6474.86083984375 5878.333984375 4244.990234375 3731.8779296875 4262.22802734375 4063.72412109375 5630.1337890625 7866.4150390625 8703.0078125 8865.3154296875 8595.6318359375 7889.01806640625 8424.5703125 8890.7060546875 9006.671875 9334.4033203125 9621.841796875 9801.853515625 9569.673828125 9399.8671875 9295.6220703125 9292.2265625 9531.708984375 9701.9287109375 9615.125 9875.0078125 10052.1103515625 10041.419921875 9607.669921875 9472.9287109375 9651.513671875 10264.169921875 10434.5 10358.5302734375 10125.8798828125 9762.26953125 9554.595703125 9663.421875
