Variables/MIS5a/ctemp.asc
NCOLS 258 
NROWS 132 
XLLCORNER -10.933275447 
YLLCORNER 36.059072361 
CELLSIZE 0.11561 
NODATA_value -9999 
[rows 69 to 91 of 132, columns 52 to 103 of 258]
1.5630589723587 1.74184799194336 2.49268388748169 2.47880506515503 2.04411888122559 2.78754901885986 3.06623101234436 3.08600306510925 3.0061309337616 2.81489992141724 2.59890007972717 2.40522408485413 2.61877202987671 2.72768688201904 2.68333101272583 2.80117297172546 2.78865909576416 2.7160849571228 2.65072989463806 2.62961292266846 2.63393402099609 2.62789797782898 2.52571201324463 2.34752011299133 2.20990705490112 2.13571310043335 2.14442992210388 2.20909810066223 2.1519091129303 2.07448410987854 1.99756598472595 2.10003709793091 2.16432905197144 2.18918108940125 2.15588188171387 2.13330411911011 2.11094689369202 2.08570098876953 2.0528519153595 1.99608600139618 1.92182397842407 1.86454296112061 1.8863879442215 1.95502603054047 2.04340600967407 2.0738320350647 2.07993197441101 2.07390999794006 2.14770102500916 2.22972393035889 2.30683088302612 2.38261198997498
-0.124032698571682 0.127134203910828 1.18745601177216 1.56060898303986 1.41592299938202 1.64458000659943 1.89393401145935 2.08259296417236 2.06531095504761 1.81142795085907 1.54190504550934 1.37979400157928 1.69149804115295 1.94078898429871 2.05309104919434 2.22076797485352 2.26111006736755 2.19817590713501 2.06600594520569 2.03867602348328 2.05558609962463 2.07702589035034 2.03371000289917 1.97742795944214 1.91970002651215 1.80266296863556 1.69294202327728 1.60744297504425 1.59617698192596 1.48650503158569 1.37146198749542 1.47509396076202 1.41050899028778 1.40959000587463 1.68069994449615 1.67130303382874 1.57940101623535 1.45091497898102 1.32252502441406 1.26918697357178 1.2806750535965 1.29275095462799 1.30698001384735 1.36580801010132 1.57193303108215 1.62193596363068 1.66022002696991 1.76768803596497 1.90494394302368 2.02169799804688 2.10802102088928 2.19938588142395
-1.23057496547699 -1.15375196933746 -0.128097504377365 -0.0569619312882423 -0.627583920955658 -0.0288233701139688 0.512160301208496 0.888875722885132 0.949799180030823 0.743954718112946 0.515009224414825 0.419862687587738 0.767591416835785 1.10844600200653 1.43573904037476 1.59349501132965 1.6609879732132 1.63994097709656 1.39213001728058 1.42350697517395 1.50993895530701 1.49688601493835 1.46540999412537 1.43151295185089 1.3832620382309 1.12546896934509 1.01292705535889 1.03135001659393 1.0051029920578 0.81762969493866 0.570856213569641 0.537633180618286 0.278750509023666 0.222094401717186 0.854581415653229 0.73271518945694 0.539638221263885 0.349220097064972 0.0702491104602814 -0.0313821882009506 0.0813766196370125 0.326277613639832 0.240825995802879 0.206488505005836 0.661780774593353 0.788843214511871 0.980597019195557 1.30373394489288 1.4524530172348 1.60361099243164 1.75490605831146 1.82548403739929
-1.31267297267914 -1.6939389705658 -1.31495201587677 -0.998793125152588 -0.763350009918213 -0.513369083404541 -0.140051499009132 0.210180103778839 0.303711414337158 0.335661590099335 0.412007600069046 0.594847917556763 0.762982070446014 0.804667294025421 0.719269514083862 0.747793018817902 0.823355913162231 0.920805811882019 0.984315872192383 1.04761397838593 1.02538800239563 0.775217175483704 0.687973916530609 0.657177209854126 0.65441632270813 0.409120887517929 0.495252788066864 0.862424612045288 0.688804805278778 0.407231509685516 0.076196126639843 -0.237444207072258 -0.541791915893555 -0.785853028297424 -0.90522688627243 -1.56275701522827 -1.83641600608826 -1.51603198051453 -2.11079096794128 -2.57433390617371 -2.71802997589111 -1.75857901573181 -2.1890070438385 -2.93244409561157 -2.17549896240234 -1.44280004501343 -0.725586891174316 -0.0366585105657578 -0.0325114093720913 0.0259077902883291 0.278335005044937 0.718447625637054
-0.969368517398834 -1.31120502948761 -1.18750703334808 -0.921024084091187 -0.610033214092255 -0.473424404859543 -0.329613298177719 -0.186372503638268 -0.0652649402618408 -0.0286111794412136 0.0137625401839614 0.116581402719021 0.399991512298584 0.485942512750626 0.348018497228622 0.395055502653122 0.52766752243042 0.681145489215851 0.708213627338409 0.640476882457733 0.507961273193359 0.301572799682617 0.187669798731804 0.145616099238396 0.178571298718452 0.153862297534943 0.34771728515625 0.691650986671448 0.56742137670517 0.375472813844681 0.157529503107071 -0.0719575881958008 -0.417641013860703 -0.774560511112213 -1.07948100566864 -1.86660802364349 -2.46328401565552 -2.71898102760315 -3.52526497840881 -4.0888671875 -4.28038120269775 -3.80404305458069 -4.11845302581787 -4.52022409439087 -3.76875901222229 -3.21039390563965 -2.59902691841125 -1.79100096225739 -1.54082000255585 -1.61844801902771 -1.91356694698334 -1.58310103416443
-0.506645917892456 -0.65181428194046 -0.570456027984619 -0.458919286727905 -0.335767894983292 -0.239294499158859 -0.302212595939636 -0.385413289070129 -0.294851988554001 -0.353595614433289 -0.428283214569092 -0.455489814281464 -0.00921289436519146 0.219217196106911 0.168829903006554 0.298357397317886 0.493623286485672 0.672436773777008 0.544234216213226 0.335501402616501 0.141326099634171 0.0800456777215004 -0.00122793996706605 -0.0289847608655691 0.0428325608372688 0.243074804544449 0.451363503932953 0.629435777664185 0.528199970722198 0.459237188100815 0.42133429646492 0.415289402008057 0.0521243400871754 -0.341215193271637 -0.527710020542145 -1.19726097583771 -2.01526403427124 -2.92328000068665 -3.80732703208923 -4.36419916152954 -4.64241695404053 -4.88211011886597 -4.9483962059021 -4.82748317718506 -4.28914785385132 -4.22771406173706 -4.06210899353027 -3.40447592735291 -2.95834302902222 -3.15414309501648 -4.02155780792236 -3.6875159740448
-0.220882892608643 -0.305191487073898 -0.228352800011635 -0.170710906386375 -0.134099096059799 -0.101259998977184 -0.203709095716476 -0.363031208515167 -0.482490807771683 -0.585323691368103 -0.58782947063446 -0.392273098230362 -0.0488490499556065 0.144280105829239 0.165273994207382 0.308539986610413 0.510296285152435 0.696063816547394 0.545558571815491 0.387836486101151 0.274415105581284 0.302870213985443 0.364060312509537 0.4571692943573 0.594605326652527 0.751536011695862 0.821988523006439 0.783394813537598 0.483951091766357 0.405431896448135 0.464511901140213 0.615159928798676 0.31559631228447 0.00597967999055982 0.00567722786217928 -0.318265408277512 -0.704016923904419 -1.12541902065277 -1.73863303661346 -2.34603095054626 -2.89538788795471 -3.11184811592102 -3.22649693489075 -3.26688599586487 -3.2531099319458 -3.66632604598999 -4.0763201713562 -4.16279411315918 -4.08135318756104 -4.28783416748047 -4.74006986618042 -3.61289811134338
0.125544100999832 0.0877875983715057 0.123260900378227 0.146111696958542 0.151652097702026 0.144419297575951 0.0497303791344166 -0.117439202964306 -0.382371604442596 -0.460880011320114 -0.458491414785385 -0.398543506860733 -0.315739214420319 -0.223620906472206 -0.121771097183228 0.00812186393886805 0.250369906425476 0.527719676494598 0.621782004833221 0.576766192913055 0.5425164103508 0.677847683429718 0.7804154753685 0.877030611038208 0.97459602355957 1.05191802978516 1.08321905136108 1.05150496959686 0.864728629589081 0.772258281707764 0.728256225585938 0.636256873607635 0.333174288272858 0.0146760102361441 -0.165547907352448 -0.148324102163315 -0.232354804873466 -0.509331405162811 -0.825180172920227 -1.2827080488205 -1.80153405666351 -1.9752299785614 -1.73213994503021 -1.40058398246765 -1.48375296592712 -1.94533801078796 -2.45386004447937 -2.81190896034241 -2.61611199378967 -2.7753279209137 -3.33830809593201 -2.53652596473694
0.477696597576141 0.438058704137802 0.446437805891037 0.451128989458084 0.442329198122025 0.384972900152206 0.271506309509277 0.0997100025415421 -0.175962001085281 -0.239050000905991 -0.284329295158386 -0.395793497562408 -0.59628301858902 -0.726348102092743 -0.755379676818848 -0.653960824012756 -0.433483004570007 -0.122171297669411 0.267758905887604 0.350100189447403 0.364601910114288 0.523408114910126 0.682905972003937 0.880266785621643 1.12903904914856 1.21776401996613 1.28123497962952 1.32219898700714 1.23818600177765 1.15876197814941 1.05143904685974 0.802011787891388 0.529444217681885 0.238437995314598 -0.0696441531181335 0.120900198817253 0.184435695409775 -0.0436394698917866 -0.277800112962723 -0.654809713363647 -1.09899401664734 -1.1548570394516 -0.670194923877716 -0.0628245323896408 -0.00180120102595538 -0.295602709054947 -0.709500789642334 -1.14049601554871 -0.850386500358582 -0.923364222049713 -1.50092697143555 -1.27224898338318
0.808847308158875 0.707222580909729 0.713263928890228 0.71304988861084 0.707606315612793 0.568444728851318 0.370983898639679 0.17876860499382 0.106122098863125 -0.0144377304241061 -0.154687806963921 -0.333316594362259 -0.784732282161713 -1.29220497608185 -1.89056003093719 -1.76256895065308 -1.66880702972412 -1.53942000865936 -0.847640573978424 -0.645869612693787 -0.627896428108215 -0.599280714988708 -0.299072504043579 0.198563903570175 0.984632194042206 1.22441005706787 1.40644001960754 1.53203201293945 1.42721998691559 1.39393305778503 1.38526201248169 1.27895498275757 1.12358796596527 0.956386029720306 0.763445913791656 0.849426627159119 0.845345675945282 0.629231512546539 0.145251795649529 -0.327316105365753 -0.775207579135895 -0.600800573825836 -0.219464898109436 0.239839300513268 0.681294798851013 0.698167622089386 0.557088494300842 0.29273921251297 0.29484361410141 0.382699012756348 0.503813922405243 -0.10478500276804
1.01529002189636 0.961220026016235 0.901289522647858 0.782936215400696 0.636763989925385 0.584267497062683 0.458913803100586 0.313960194587708 0.217207401990891 0.039642408490181 -0.162317901849747 -0.372030287981033 -0.616328477859497 -0.940820574760437 -1.34656703472137 -1.74142694473267 -1.91298198699951 -1.89938902854919 -1.71712696552277 -1.59722697734833 -1.48550498485565 -1.32276499271393 -0.958641290664673 -0.413751512765884 0.333199888467789 0.913616120815277 1.32500004768372 1.5683890581131 1.61532998085022 1.58169794082642 1.52203297615051 1.52347099781036 1.46191895008087 1.36403894424438 1.23911798000336 1.31427896022797 1.32599794864655 1.19572401046753 1.0083669424057 0.752151787281036 0.494268596172333 0.56868177652359 0.729730188846588 0.941151916980743 1.19133698940277 1.10617399215698 0.962426722049713 0.89829957485199 0.865877211093903 1.03127896785736 1.35856699943542 0.936131119728088
1.12378299236298 1.05712997913361 0.970996677875519 0.832712888717651 0.669003784656525 0.582072019577026 0.445542991161346 0.298179000616074 0.191906705498695 0.00635067094117403 -0.192738100886345 -0.378613203763962 -0.545300126075745 -0.705249428749084 -0.891995489597321 -1.3768709897995 -1.68971800804138 -1.85563600063324 -1.93587601184845 -1.84724903106689 -1.67661798000336 -1.46295499801636 -1.2151939868927 -0.787913620471954 -0.0945008024573326 0.582497119903564 1.11519801616669 1.48501098155975 1.64561104774475 1.70267903804779 1.71431195735931 1.76273596286774 1.69961905479431 1.59596598148346 1.49381995201111 1.617555975914 1.66891598701477 1.5733460187912 1.594771027565 1.52743494510651 1.3911429643631 1.36519598960876 1.40189301967621 1.49227201938629 1.6611909866333 1.53390002250671 1.40710699558258 1.44738399982452 1.40998899936676 1.58202397823334 1.97590696811676 1.85952496528625
1.13726902008057 0.995696127414703 0.936740279197693 0.881729006767273 0.821162819862366 0.574117124080658 0.33983451128006 0.137253999710083 0.0595510415732861 -0.0671379864215851 -0.212553605437279 -0.341338604688644 -0.585004985332489 -0.685003995895386 -0.60597288608551 -0.82726639509201 -1.1397670507431 -1.46329498291016 -1.4927259683609 -1.37171101570129 -1.18986999988556 -1.0153820514679 -1.05531799793243 -0.875814080238342 -0.272125393152237 0.234971806406975 0.721025228500366 1.23614501953125 1.47606897354126 1.73581397533417 1.96304595470428 2.00817608833313 1.87968897819519 1.7065110206604 1.57308995723724 1.80266201496124 1.8840229511261 1.72118401527405 1.80774295330048 1.84471094608307 1.83572399616241 1.69822800159454 1.71348404884338 1.83927595615387 2.09080290794373 2.053307056427 1.98899400234222 2.01397609710693 2.01442003250122 2.13255906105042 2.3864049911499 2.63884806632996
1.07564496994019 1.02409100532532 0.989751815795898 0.875149071216583 0.695392370223999 0.504185974597931 0.329147189855576 0.200143203139305 0.193486094474792 0.0655534788966179 -0.0573645308613777 -0.120348699390888 -0.28507798910141 -0.404690504074097 -0.465728908777237 -0.579102516174316 -0.751425325870514 -0.935902714729309 -0.990397810935974 -0.927821576595306 -0.785929620265961 -0.556435883045197 -0.579237282276154 -0.548283576965332 -0.364341914653778 -0.436017394065857 -0.320700496435165 0.0631197765469551 0.978983581066132 1.57634997367859 1.93250203132629 2.11045002937317 2.14139604568481 2.10971808433533 2.05284190177917 2.09937906265259 2.04017090797424 1.82617497444153 1.81526899337769 1.88798403739929 2.00579690933228 2.04194903373718 2.04903507232666 2.10020089149475 2.3552680015564 2.45840191841125 2.51290893554688 2.56040906906128 2.67664194107056 2.82033610343933 2.98053407669067 3.08837103843689
1.18000400066376 1.17239499092102 1.06912398338318 0.882085382938385 0.646864116191864 0.466408103704453 0.32979080080986 0.22832390666008 0.175094604492188 0.0629323273897171 -0.0397664196789265 -0.100148901343346 -0.210124894976616 -0.277436912059784 -0.294565498828888 -0.350398898124695 -0.43842139840126 -0.531323075294495 -0.554006993770599 -0.543435573577881 -0.474328607320786 -0.286160588264465 -0.281283408403397 -0.292031705379486 -0.275082409381866 -0.441599100828171 -0.404865086078644 -0.0619999505579472 0.937161982059479 1.57583105564117 1.94306898117065 2.15421295166016 2.20490503311157 2.21859502792358 2.27324390411377 2.30034303665161 2.25542998313904 2.12442708015442 2.03790092468262 2.01652789115906 2.05779504776001 2.16244196891785 2.21335792541504 2.28885006904602 2.54772996902466 2.69803404808044 2.80285692214966 2.88643789291382 3.05373501777649 3.20786309242249 3.32007503509521 3.34432101249695
1.360386967659 1.36604702472687 1.1383650302887 0.892811119556427 0.646034777164459 0.453426390886307 0.318853288888931 0.200779095292091 0.037805899977684 -0.111086197197437 -0.212507903575897 -0.257230907678604 -0.322128504514694 -0.3073351085186 -0.207741305232048 -0.229158192873001 -0.262865394353867 -0.28006649017334 -0.237901896238327 -0.253497898578644 -0.247204095125198 -0.155240297317505 -0.116239503026009 -0.0771095529198647 -0.0260121393948793 0.00357740395702422 0.153823003172874 0.458779186010361 1.19287800788879 1.66407597064972 1.9586980342865 2.14441704750061 2.13881301879883 2.13357400894165 2.28076195716858 2.38821601867676 2.46738409996033 2.50539493560791 2.37593698501587 2.22359108924866 2.07977199554443 2.18250489234924 2.29302310943604 2.43504905700684 2.69001293182373 2.83507108688354 2.94808793067932 3.05988597869873 3.21291089057922 3.35033988952637 3.45737504959106 3.45846700668335
1.38891994953156 1.32401096820831 1.09897899627686 0.87245512008667 0.653991222381592 0.452121704816818 0.24534210562706 0.0335447415709496 -0.186328202486038 -0.604377388954163 -0.833986520767212 -0.638705193996429 -0.557816505432129 -0.552797019481659 -0.610586524009705 -0.584362685680389 -0.496751993894577 -0.375635296106339 -0.287045508623123 -0.206775397062302 -0.146378502249718 -0.13189209997654 0.0295786298811436 0.218511402606964 0.401711106300354 0.488073498010635 0.708977878093719 1.06643497943878 1.42028701305389 1.65772294998169 1.83465600013733 2.04198789596558 2.08081698417664 2.06417608261108 2.05410695075989 2.27430891990662 2.48318004608154 2.61641097068787 2.57626390457153 2.48604798316956 2.38033103942871 2.4084849357605 2.48787689208984 2.61035990715027 2.79391694068909 2.96983909606934 3.11623501777649 3.20892190933228 3.2363109588623 3.28548288345337 3.37123703956604 3.44715309143066
1.3447699546814 1.2243640422821 1.02194499969482 0.836880385875702 0.66549152135849 0.465065598487854 0.221331506967545 -0.0349495708942413 -0.271288692951202 -0.684532284736633 -0.951545000076294 -0.892019510269165 -1.20195698738098 -1.37381100654602 -1.32901704311371 -1.23328399658203 -0.972980916500092 -0.635902523994446 -0.446229994297028 -0.37667378783226 -0.331540912389755 -0.223093196749687 0.149597600102425 0.490962386131287 0.685943186283112 0.803085505962372 1.01178801059723 1.29831004142761 1.44715595245361 1.43760704994202 1.39871001243591 1.59171402454376 1.70836496353149 1.79891300201416 1.89879095554352 2.15993809700012 2.4145359992981 2.60558891296387 2.66319608688354 2.66458797454834 2.6316089630127 2.61027789115906 2.67288208007812 2.79557704925537 2.97385191917419 3.14181399345398 3.29985189437866 3.43914699554443 3.44360899925232 3.4050829410553 3.36417007446289 3.53642201423645
1.2413090467453 1.07320296764374 0.89680427312851 0.747266411781311 0.609415113925934 0.411599189043045 0.154301702976227 -0.139064401388168 -0.460423409938812 -0.83270251750946 -1.1142669916153 -1.2229540348053 -1.82783794403076 -2.05781698226929 -1.82094299793243 -1.64339900016785 -1.2559700012207 -0.769444286823273 -0.520187020301819 -0.511959075927734 -0.529153287410736 -0.359915405511856 0.0724354833364487 0.436396390199661 0.611624121665955 0.753611624240875 0.948858380317688 1.17884504795074 1.22633802890778 1.12109398841858 0.986410200595856 1.09815096855164 1.20793199539185 1.38101398944855 1.69873702526093 1.96567296981812 2.23305296897888 2.50599408149719 2.64614200592041 2.74193501472473 2.79634594917297 2.76609396934509 2.82312107086182 2.94571399688721 3.13592791557312 3.28639101982117 3.46090006828308 3.70114207267761 3.74584698677063 3.69552111625671 3.58748292922974 3.86310505867004
1.05807399749756 0.832765579223633 0.687663376331329 0.537945806980133 0.380982011556625 0.18365789949894 -0.0659396424889565 -0.419642210006714 -1.04542195796967 -1.52958297729492 -1.84348499774933 -1.93068599700928 -2.01871490478516 -1.87421500682831 -1.45615994930267 -1.20444798469543 -0.850596606731415 -0.46420881152153 -0.28740981221199 -0.370516806840897 -0.495416104793549 -0.46839851140976 -0.447347313165665 -0.382505297660828 -0.220863506197929 -0.0171044003218412 0.236337900161743 0.518502712249756 0.590240180492401 0.768958985805511 0.940098583698273 0.816351711750031 0.692760407924652 0.771739304065704 1.35372304916382 1.57693898677826 1.85514903068542 2.28027200698853 2.47547292709351 2.64723896980286 2.79745697975159 2.83124089241028 2.89494895935059 3.00434398651123 3.1845018863678 3.33168697357178 3.55412006378174 3.94462203979492 4.10636806488037 4.22744417190552 4.34107208251953 4.61538505554199
0.854607224464417 0.703571915626526 0.463602393865585 0.254430085420609 0.0858359932899475 -0.0255043692886829 -0.362954705953598 -0.958466112613678 -2.02158808708191 -2.17266607284546 -1.92741394042969 -1.42083096504211 -1.29021799564362 -1.08117604255676 -0.73910528421402 -0.505570590496063 -0.316687613725662 -0.182787194848061 -0.191702395677567 -0.292711198329926 -0.393553495407104 -0.400120496749878 -0.395626991987228 -0.404973089694977 -0.425071001052856 -0.214909702539444 0.0189151391386986 0.239262104034424 0.397531807422638 0.602804183959961 0.795323610305786 0.817771315574646 0.502185523509979 0.364051014184952 0.890853822231293 1.30849802494049 1.67324602603912 1.98448705673218 2.15632200241089 2.39662599563599 2.66694808006287 2.68398594856262 2.76980710029602 2.91634488105774 3.12898302078247 3.43862891197205 3.78437089920044 4.13872385025024 4.35283613204956 4.53108501434326 -9999 -9999
0.523324728012085 0.426470100879669 0.15818789601326 -0.112991198897362 -0.354320585727692 -0.466150492429733 -0.883518397808075 -1.54340600967407 -2.51501989364624 -2.24706411361694 -1.55878901481628 -0.703640580177307 -0.502478778362274 -0.338100790977478 -0.124820701777935 0.0499313697218895 0.0650564506649971 -0.0265571493655443 -0.121221698820591 -0.144456893205643 -0.153403893113136 -0.199587106704712 -0.242040395736694 -0.313142985105515 -0.416313886642456 -0.24716679751873 -0.0900233015418053 0.0333462208509445 0.21064780652523 0.474031001329422 0.724494099617004 0.715514481067657 0.362611204385757 0.134683400392532 0.461174696683884 0.898806929588318 1.2542120218277 1.4731320142746 1.72040402889252 2.0898060798645 2.49587297439575 2.45558094978333 2.5022599697113 2.62826108932495 2.84873700141907 3.47704005241394 4.0730128288269 4.37590789794922 4.64736318588257 4.94811296463013 -9999 -9999
0.0221863593906164 -0.0860115885734558 -0.251966387033463 -0.560938119888306 -0.979438424110413 -1.21263599395752 -1.60926699638367 -2.0741970539093 -2.1640830039978 -1.49820494651794 -0.725764811038971 -0.00181651604361832 0.0802665427327156 0.144659206271172 0.23208250105381 0.316786497831345 0.185833096504211 -0.0535420402884483 -0.0411183796823025 0.123883903026581 0.258163303136826 0.143197998404503 -0.106278203427792 -0.27157399058342 -0.253045499324799 -0.225590392947197 -0.20869779586792 -0.187504902482033 -0.0946171879768372 0.327624887228012 0.77291202545166 0.408647894859314 0.232394203543663 0.121041998267174 0.0988145470619202 0.287417590618134 0.468418896198273 0.628388822078705 1.15882098674774 1.73735201358795 2.30213308334351 2.17554306983948 2.12693691253662 2.12473893165588 2.32479405403137 3.45019388198853 4.40511703491211 4.66721820831299 5.0456690788269 5.28781986236572 5.35722017288208 -9999
