Variables/MIS5a/ctemp.asc
NCOLS 258 
NROWS 132 
XLLCORNER -10.933275447 
YLLCORNER 36.059072361 
CELLSIZE 0.11561 
NODATA_value -9999 
[rows 46 to 68 of 132, columns 104 to 155 of 258]
2.18981909751892 1.97218096256256 1.76101100444794 1.55054605007172 1.32325100898743 1.04356300830841 0.767579197883606 0.526008605957031 0.344434589147568 0.210448697209358 0.040536891669035 -0.165743201971054 -0.293010890483856 -0.426739513874054 -0.586597919464111 -0.840752005577087 -0.635961771011353 -0.328444004058838 -0.20827029645443 -0.267070412635803 -0.511390686035156 -0.982889592647552 -1.49367594718933 -1.58545398712158 -1.29371905326843 -1.06791496276855 -1.15407299995422 -1.41331994533539 -1.6649010181427 -1.53716599941254 -1.3287969827652 -1.22417902946472 -1.32067894935608 -1.42898094654083 -1.50712597370148 -1.58164298534393 -1.86446297168732 -2.34524488449097 -2.98087596893311 -3.03481197357178 -2.81958889961243 -2.69498705863953 -2.79943895339966 -3.23365807533264 -4.18114280700684 -4.94495391845703 -5.42549991607666 -5.67126989364624 -6.70461177825928 -8.3244800567627 -9.96680641174316 -9.60902214050293
2.24131107330322 2.0605149269104 1.88186001777649 1.65817403793335 1.38539898395538 1.02582204341888 0.685499489307404 0.366386294364929 0.0843220874667168 -0.0409437790513039 -0.186710998415947 -0.370682001113892 -0.496404886245728 -0.66714072227478 -0.889480113983154 -1.19941794872284 -0.842549324035645 -0.365265399217606 -0.238434195518494 -0.327873796224594 -0.560166776180267 -0.96179187297821 -1.7279200553894 -1.87643897533417 -1.42495203018188 -1.06483399868011 -1.05032801628113 -1.25061595439911 -1.53539001941681 -1.47273898124695 -1.29751396179199 -1.14113402366638 -1.20609605312347 -1.29735994338989 -1.36767899990082 -1.44056594371796 -1.64677298069 -1.98597204685211 -2.45125889778137 -2.44841194152832 -2.28336811065674 -2.37291693687439 -2.77388906478882 -3.37814688682556 -4.19210195541382 -4.73820114135742 -5.29943418502808 -6.00693416595459 -7.43096923828125 -8.74636173248291 -9.7164945602417 -9.5872688293457
2.2922420501709 2.14988994598389 1.96537899971008 1.72232496738434 1.4261109828949 1.03616797924042 0.614939093589783 0.198269993066788 -0.193026602268219 -0.27097100019455 -0.375945687294006 -0.535538494586945 -0.672569870948792 -0.990418374538422 -1.38721096515656 -1.59056901931763 -1.0655460357666 -0.450339585542679 -0.316989988088608 -0.467405408620834 -0.681304275989532 -0.921546399593353 -1.90746903419495 -2.12727308273315 -1.58877694606781 -1.01455795764923 -0.864746689796448 -1.00547504425049 -1.37593603134155 -1.444659948349 -1.33425796031952 -1.05122101306915 -1.06836497783661 -1.14416396617889 -1.23473501205444 -1.31295800209045 -1.39342999458313 -1.49303901195526 -1.78182196617126 -1.85694098472595 -1.86177003383636 -2.05819392204285 -2.85707998275757 -3.57452607154846 -3.78814601898193 -4.03042793273926 -4.78537702560425 -6.16526079177856 -8.05921173095703 -8.90703105926514 -8.91745090484619 -8.45958709716797
2.27756404876709 2.13081789016724 1.94631195068359 1.71122002601624 1.43557798862457 1.10674500465393 0.575770199298859 0.0853309407830238 -0.240926206111908 -0.135822504758835 -0.184584304690361 -0.441631406545639 -0.678353309631348 -1.30155396461487 -2.03352904319763 -2.01104998588562 -1.3012410402298 -0.559503674507141 -0.4090755879879 -0.660886526107788 -1.08232402801514 -1.63445997238159 -1.88782095909119 -2.20512390136719 -2.45527195930481 -1.29158997535706 -0.842897772789001 -0.906104385852814 -1.34933197498322 -1.39196705818176 -1.22665500640869 -0.902591526508331 -0.877855479717255 -0.964845180511475 -1.12983298301697 -1.1691689491272 -1.26995003223419 -1.41120994091034 -1.42563498020172 -1.66825103759766 -1.94485104084015 -1.94697594642639 -2.6320059299469 -3.11028599739075 -2.83831906318665 -3.76039600372314 -5.01266288757324 -6.41700601577759 -6.8954610824585 -7.92419719696045 -9.18251514434814 -9.29217720031738
2.38455605506897 2.2172589302063 2.03023600578308 1.82426702976227 1.58255696296692 1.2556060552597 0.764214277267456 0.346253305673599 0.140687897801399 0.137475103139877 0.0659051313996315 -0.127166196703911 -0.470325201749802 -1.15075194835663 -1.92807996273041 -2.18515801429749 -1.66509103775024 -0.940188527107239 -0.456661105155945 -0.687400221824646 -1.21427798271179 -1.89592397212982 -1.80121600627899 -2.00986099243164 -2.40745401382446 -1.56525301933289 -1.11953401565552 -1.05167496204376 -1.41816103458405 -1.52976703643799 -1.36558294296265 -0.809276819229126 -0.749834597110748 -0.848755121231079 -1.02117705345154 -1.11139905452728 -1.23144102096558 -1.36241805553436 -1.37287402153015 -1.71010804176331 -2.13755202293396 -2.31321001052856 -2.57463693618774 -2.90438795089722 -3.35538601875305 -4.60700798034668 -5.6438422203064 -6.29691505432129 -7.1690411567688 -8.28721046447754 -9.39817237854004 -9.66795253753662
2.53295993804932 2.35446190834045 2.17073392868042 1.98388504981995 1.76300096511841 1.44200599193573 1.03035604953766 0.710506081581116 0.585934102535248 0.426938712596893 0.28026819229126 0.120499201118946 -0.392121613025665 -1.01870000362396 -1.68556594848633 -2.22409892082214 -1.93000900745392 -1.28161096572876 -0.53889799118042 -0.648282825946808 -1.12599301338196 -1.88064002990723 -1.74802696704865 -1.82222199440002 -2.08350706100464 -1.6484249830246 -1.36822402477264 -1.28987896442413 -1.64346194267273 -1.70402002334595 -1.441565990448 -0.693048477172852 -0.632558107376099 -0.735003411769867 -0.904582619667053 -1.06522500514984 -1.18250799179077 -1.27225005626678 -1.42078399658203 -1.79248201847076 -2.25308203697205 -2.63429999351501 -3.00893998146057 -3.54448699951172 -4.402587890625 -5.56439208984375 -6.2787880897522 -6.49515104293823 -7.73448514938354 -8.68529796600342 -9.33341407775879 -9.65600967407227
2.6726450920105 2.51983499526978 2.35776591300964 2.14429998397827 1.90272796154022 1.63465905189514 1.28482496738434 0.999456286430359 0.855999410152435 0.636396527290344 0.357906490564346 -0.00774819916114211 -0.811855494976044 -1.33815598487854 -1.68884205818176 -2.1445529460907 -1.8396589756012 -1.29245495796204 -0.846750915050507 -0.610229313373566 -0.747914612293243 -1.41273999214172 -1.828125 -1.88269996643066 -1.61854100227356 -1.28099703788757 -1.30493497848511 -1.58083295822144 -2.15809392929077 -1.79375994205475 -1.15094995498657 -0.551618874073029 -0.486806392669678 -0.571152627468109 -0.751475214958191 -0.967659175395966 -1.04052805900574 -1.02128398418427 -1.45697903633118 -1.78242695331573 -2.07368493080139 -2.43630409240723 -4.45495176315308 -5.98901605606079 -5.61745595932007 -5.8461799621582 -6.59017705917358 -7.84591102600098 -7.7404088973999 -7.97773790359497 -8.4912633895874 -9.09224700927734
2.73115706443787 2.57503604888916 2.41724610328674 2.23648595809937 2.02914309501648 1.7722179889679 1.49196600914001 1.20558094978333 0.92174881696701 0.691533386707306 0.346201688051224 -0.171898603439331 -1.0511189699173 -1.7112900018692 -2.09780311584473 -1.96685695648193 -1.65688300132751 -1.39854300022125 -1.42848896980286 -1.07182800769806 -0.962006390094757 -1.34690201282501 -1.71028697490692 -1.66677594184875 -1.33212304115295 -1.57940697669983 -1.77741396427155 -1.94096696376801 -2.14530301094055 -1.68408703804016 -1.04277098178864 -0.511739790439606 -0.372943609952927 -0.380793213844299 -0.48631539940834 -0.636816203594208 -1.09462904930115 -1.76450800895691 -2.19332504272461 -1.93748199939728 -1.85469603538513 -3.45792889595032 -4.84280776977539 -6.01927709579468 -6.88963794708252 -7.12980079650879 -7.51764822006226 -8.09132480621338 -7.65805912017822 -7.38266181945801 -7.22913503646851 -6.82256984710693
2.77331399917603 2.61456489562988 2.47209095954895 2.32409310340881 2.15300488471985 1.91903400421143 1.66366600990295 1.33652496337891 0.903116226196289 0.693455398082733 0.363734304904938 -0.146074801683426 -0.885962605476379 -1.56672203540802 -2.02654600143433 -1.64416003227234 -1.42618203163147 -1.40758299827576 -1.72633898258209 -1.6232670545578 -1.51919198036194 -1.55147802829742 -1.77346694469452 -1.68361401557922 -1.4035040140152 -2.0460090637207 -2.28250098228455 -2.2155499458313 -1.93358099460602 -1.45719003677368 -0.948825895786285 -0.516409575939178 -0.329213589429855 -0.296573013067245 -0.426731199026108 -0.801381409168243 -1.59194397926331 -2.59522390365601 -2.83708500862122 -2.24329900741577 -1.95849204063416 -4.09880495071411 -5.09842395782471 -6.15541315078735 -7.89742088317871 -8.15357398986816 -8.04203224182129 -7.74641180038452 -7.41158199310303 -7.20934009552002 -6.92885398864746 -5.70823383331299
2.81763601303101 2.65740990638733 2.55118298530579 2.41878008842468 2.270015001297 2.08412408828735 1.78401100635529 1.38016402721405 0.795967221260071 0.682693302631378 0.460249900817871 0.109258897602558 -0.205854892730713 -0.694924712181091 -1.16935205459595 -1.1698739528656 -1.20734095573425 -1.27941298484802 -1.54371404647827 -2.11819410324097 -2.36192393302917 -2.00465393066406 -2.14612007141113 -2.10268497467041 -1.94332802295685 -2.55719995498657 -2.63754391670227 -2.34413504600525 -1.57049405574799 -1.13487803936005 -0.824293315410614 -0.590209305286407 -0.367215186357498 -0.365457892417908 -0.644702911376953 -1.64941501617432 -2.54331493377686 -3.32066702842712 -3.14497208595276 -2.71982407569885 -2.57307696342468 -3.90522003173828 -5.39339303970337 -6.95503091812134 -8.53090858459473 -8.43389511108398 -7.80119705200195 -6.57320308685303 -6.97187614440918 -7.57055616378784 -8.09940147399902 -6.6500768661499
2.88939499855042 2.72156691551208 2.59548306465149 2.43258500099182 2.23848295211792 2.00046491622925 1.72306799888611 1.39712798595428 1.017982006073 0.936464488506317 0.724333107471466 0.357412487268448 0.218706503510475 -0.199212700128555 -0.807151973247528 -1.40789401531219 -1.63756394386292 -1.71346294879913 -1.76187694072723 -2.12073588371277 -2.47077298164368 -2.68382811546326 -2.44453096389771 -2.38614106178284 -2.54265403747559 -2.70271897315979 -2.51100301742554 -2.07397508621216 -1.45337605476379 -0.982298493385315 -0.617992520332336 -0.380090206861496 -0.2809719145298 -0.341185986995697 -0.60046660900116 -1.17072904109955 -1.83612203598022 -2.53092789649963 -3.06027698516846 -3.23928499221802 -3.3713059425354 -3.92903804779053 -4.64853191375732 -5.6085319519043 -6.92569208145142 -7.61734580993652 -7.30985689163208 -6.1191520690918 -6.80427503585815 -7.45412588119507 -7.76105499267578 -6.93080711364746
2.95922207832336 2.78858304023743 2.62756204605103 2.43364906311035 2.22148489952087 1.9991250038147 1.78812301158905 1.56666898727417 1.32905697822571 1.22565305233002 1.01311600208282 0.68673837184906 0.546190023422241 0.185253903269768 -0.395561814308167 -1.29046702384949 -1.80803000926971 -2.01413011550903 -1.80184805393219 -1.99225795269012 -2.38872408866882 -2.92231488227844 -2.75662708282471 -2.65601897239685 -2.67298293113708 -2.55862998962402 -2.08375191688538 -1.45640599727631 -1.01558697223663 -0.726310312747955 -0.494987398386002 -0.285507708787918 -0.258635193109512 -0.387636303901672 -0.688956081867218 -1.15200197696686 -1.64829003810883 -2.19074702262878 -2.92017507553101 -3.34200811386108 -3.62539291381836 -3.97439098358154 -3.96368193626404 -4.27245378494263 -5.39260292053223 -6.26510095596313 -6.33135414123535 -5.66743803024292 -6.71638298034668 -7.56868314743042 -7.93015098571777 -7.00942611694336
3.01175689697266 2.85166192054749 2.65228700637817 2.44320607185364 2.23906898498535 2.08492994308472 1.96546196937561 1.83835303783417 1.68602204322815 1.47442698478699 1.26530802249908 1.05454003810883 0.784133613109589 0.478178709745407 0.073266513645649 -0.782165288925171 -1.54889905452728 -2.01007604598999 -1.59928703308105 -1.73908805847168 -2.14271998405457 -2.75864696502686 -2.99557399749756 -2.83794093132019 -2.35608601570129 -2.09313702583313 -1.39422595500946 -0.581552922725677 -0.323103010654449 -0.361709296703339 -0.409503906965256 -0.27179890871048 -0.263082504272461 -0.454242289066315 -0.880437791347504 -1.52653694152832 -1.93741297721863 -2.20099711418152 -2.71371793746948 -2.9955530166626 -3.28276205062866 -3.87026500701904 -3.37180995941162 -3.16340208053589 -3.996258020401 -4.68878507614136 -5.11385822296143 -5.29227685928345 -6.61336183547974 -7.74185085296631 -8.45702457427979 -6.90142202377319
2.98147511482239 2.84318590164185 2.68505191802979 2.52547311782837 2.36428499221802 2.19980001449585 2.03962206840515 1.85773897171021 1.63637900352478 1.41387903690338 1.23009204864502 1.08016502857208 0.852550327777863 0.588279604911804 0.296831399202347 -0.0228083096444607 -0.452902287244797 -0.807238876819611 -0.860789716243744 -1.13565194606781 -1.51713705062866 -2.00019097328186 -2.62491893768311 -2.44877791404724 -1.55319499969482 -0.949562072753906 -0.436906099319458 -0.0502994805574417 0.00821658689528704 0.00759392417967319 -0.00526754278689623 -0.00231062690727413 -0.00465122703462839 -0.178419694304466 -0.579129993915558 -1.04638004302979 -1.36211001873016 -1.59653699398041 -2.16557288169861 -2.17261695861816 -2.03026008605957 -2.35506510734558 -2.40026593208313 -2.51861095428467 -2.94685792922974 -4.05900621414185 -5.04307508468628 -5.73609399795532 -6.0753231048584 -6.70811700820923 -7.29667377471924 -6.3845329284668
2.92954397201538 2.81480407714844 2.69054698944092 2.57189702987671 2.44087910652161 2.26477599143982 2.1009418964386 1.91464900970459 1.6832389831543 1.44028997421265 1.22831594944 1.04651403427124 0.827863574028015 0.534363985061646 0.217407897114754 0.0074733798392117 -0.112500801682472 -0.254354387521744 -0.540393114089966 -0.922593116760254 -1.24444496631622 -1.45128202438354 -1.75926899909973 -1.49200999736786 -0.712618589401245 -0.154609397053719 0.167299494147301 0.319903314113617 0.308511704206467 0.279413789510727 0.253185003995895 0.24454939365387 0.22972509264946 0.13044099509716 -0.0966944023966789 -0.542772173881531 -0.936197698116302 -1.27910804748535 -1.6907320022583 -1.60927295684814 -1.32825994491577 -1.21911096572876 -1.67638397216797 -2.28422498703003 -2.88170599937439 -3.78863310813904 -4.72281503677368 -5.57673120498657 -5.93666887283325 -6.15783596038818 -6.21640682220459 -5.8310751914978
2.86818099021912 2.77272510528564 2.67361402511597 2.58565998077393 2.48151111602783 2.3091139793396 2.17650294303894 2.01913499832153 1.80471503734589 1.55856001377106 1.31386303901672 1.07352805137634 0.840328812599182 0.51096111536026 0.134835004806519 -0.112155400216579 -0.046010460704565 -0.0235400106757879 -0.382763892412186 -0.856584906578064 -1.12762999534607 -1.04860305786133 -0.75269877910614 -0.351527988910675 0.116092301905155 0.402446508407593 0.5495964884758 0.605431079864502 0.59405392408371 0.521741986274719 0.469416707754135 0.509424209594727 0.486663013696671 0.466191112995148 0.443628787994385 -0.0892132073640823 -0.630008399486542 -1.11830294132233 -1.3227870464325 -1.27839803695679 -1.01323902606964 -0.447624385356903 -1.06023800373077 -1.98592305183411 -2.88008499145508 -3.43505811691284 -4.11594820022583 -4.96483612060547 -5.61584711074829 -5.56292915344238 -5.08390283584595 -4.99700117111206
2.80777096748352 2.71857690811157 2.62856698036194 2.55961298942566 2.48735594749451 2.37811803817749 2.31634497642517 2.21020793914795 2.0062210559845 1.81263899803162 1.62504696846008 1.43643200397491 1.15929698944092 0.886559724807739 0.661313116550446 0.662071824073792 0.551691889762878 0.346775412559509 -0.00530591979622841 -0.540024816989899 -0.865233778953552 -0.802917897701263 -0.14836959540844 0.403578013181686 0.785153687000275 0.810330808162689 0.843300879001617 0.876269519329071 0.876394212245941 0.844143271446228 0.831385910511017 0.884316980838776 0.889778614044189 0.85753732919693 0.764487683773041 0.200059503316879 -0.392192393541336 -0.948639214038849 -1.1854419708252 -1.2239830493927 -1.02262902259827 -0.285923987627029 -0.322899609804153 -0.669536888599396 -1.21045303344727 -2.18543004989624 -3.04137396812439 -3.67317700386047 -3.83526706695557 -3.79751801490784 -3.59693789482117 -3.19164490699768
2.7437539100647 2.67328691482544 2.6071400642395 2.5699679851532 2.53322196006775 2.45897603034973 2.39667391777039 2.3120288848877 2.18326807022095 2.05446910858154 1.87971603870392 1.65696799755096 1.44043600559235 1.28739702701569 1.18348801136017 1.11526799201965 0.889186918735504 0.596894383430481 0.291221410036087 0.0401877015829086 -0.0181894693523645 0.208842992782593 0.63467812538147 0.969419121742249 1.16453099250793 1.13404202461243 1.13239097595215 1.14912796020508 1.14698898792267 1.15840995311737 1.18787598609924 1.24537599086761 1.26684594154358 1.23198699951172 1.11526501178741 0.800340414047241 0.41231170296669 0.0234565194696188 -0.112611502408981 -0.126674205064774 0.00851385481655598 0.442638486623764 0.353588610887527 -0.0390913113951683 -0.728678226470947 -1.43762505054474 -1.98783099651337 -2.28941106796265 -2.05797600746155 -1.71173501014709 -1.32793700695038 -1.01578605175018
2.69111490249634 2.63149809837341 2.58823204040527 2.57113695144653 2.55551505088806 2.50869107246399 2.44585394859314 2.38436198234558 2.33043003082275 2.23552203178406 2.03768801689148 1.74338400363922 1.53322505950928 1.41732394695282 1.3554710149765 1.26858901977539 1.09992599487305 0.902106404304504 0.710605680942535 0.727537870407104 0.890497505664825 1.20522499084473 1.36688804626465 1.4662150144577 1.51446604728699 1.50416898727417 1.51044595241547 1.52157604694366 1.50987899303436 1.56185102462769 1.61833596229553 1.6378870010376 1.62982404232025 1.59252905845642 1.52218294143677 1.43700098991394 1.26659405231476 1.05128395557404 1.01010894775391 1.04690802097321 1.12250101566315 1.20174396038055 0.967678785324097 0.467527210712433 -0.371567994356155 -0.746355772018433 -0.980587422847748 -1.08552598953247 -0.725772082805634 -0.225122302770615 0.323165208101273 0.66868257522583
2.66252088546753 2.59138488769531 2.56058406829834 2.53289890289307 2.50693702697754 2.49059700965881 2.47114205360413 2.45093107223511 2.43683695793152 2.30442810058594 2.04186296463013 1.64310598373413 1.27972197532654 1.00949597358704 0.837939321994781 1.02095997333527 1.23232400417328 1.38909804821014 1.42448699474335 1.4648699760437 1.57154095172882 1.76877999305725 1.88659501075745 1.93903994560242 1.93403601646423 2.01837301254272 2.06846189498901 2.08995199203491 2.06402206420898 2.14602398872375 2.19794797897339 2.09662795066833 1.98760104179382 1.93987703323364 1.98212695121765 1.95573699474335 1.87028801441193 1.75005698204041 1.67257905006409 1.72031700611115 1.79090702533722 1.66018605232239 1.49677503108978 1.13748097419739 0.411906391382217 0.155258104205132 -0.0369927696883678 -0.206956297159195 -0.239473104476929 -0.0630027130246162 0.274125009775162 1.16780996322632
2.61187791824341 2.58544206619263 2.55075097084045 2.53194499015808 2.525141954422 2.53271508216858 2.52747392654419 2.51080799102783 2.47770309448242 2.40246391296387 2.17004895210266 1.76665198802948 1.2732230424881 0.990063309669495 0.932602524757385 1.26367294788361 1.62104499340057 1.92195796966553 2.0576798915863 2.1188530921936 2.17836999893188 2.25838208198547 2.32566499710083 2.41827988624573 2.53304505348206 2.59501004219055 2.63645601272583 2.66107106208801 2.63773393630981 2.6723620891571 2.69097709655762 2.63024997711182 2.51797103881836 2.4370059967041 2.40864300727844 2.3691349029541 2.32584691047668 2.27144598960876 2.16426205635071 2.13149094581604 2.13052797317505 2.10697293281555 2.05454707145691 1.9103000164032 1.60893595218658 1.44554698467255 1.40169501304626 1.47546005249023 1.57062900066376 1.67550694942474 1.91788005828857 2.47398900985718
2.55747199058533 2.57659888267517 2.55082392692566 2.54464292526245 2.55121302604675 2.56847810745239 2.57521796226501 2.53796792030334 2.42751407623291 2.28742694854736 2.09834790229797 1.84945297241211 1.48997497558594 1.35613799095154 1.43574297428131 1.80763399600983 2.15072703361511 2.4320969581604 2.58599805831909 2.67168188095093 2.73266410827637 2.77728295326233 2.83156800270081 2.98342895507812 -9999 -9999 3.09071207046509 3.11929893493652 3.14335799217224 3.156898021698 3.15456700325012 3.13581705093384 3.03618407249451 2.94350910186768 2.86300110816956 2.80936408042908 2.79299211502075 2.78852510452271 2.67576599121094 2.56850790977478 2.50496888160706 2.57255911827087 2.61386704444885 2.63187193870544 2.61729693412781 2.55392599105835 2.58589601516724 2.74497699737549 2.94091701507568 2.98694491386414 -9999 -9999
2.50208806991577 2.55909705162048 2.55551290512085 2.56159901618958 2.57430601119995 2.58553600311279 2.60412788391113 2.53477191925049 2.28432106971741 1.98609805107117 1.84018898010254 1.85914301872253 1.94169998168945 2.09088492393494 2.33506894111633 2.61268496513367 2.78006410598755 2.90563988685608 2.99969792366028 3.12165498733521 3.23404002189636 3.33757591247559 -9999 -9999 -9999 -9999 -9999 -9999 -9999 -9999 3.52614998817444 3.58300590515137 3.5234260559082 -9999 3.35065007209778 3.30455899238586 3.2994270324707 3.33107209205627 3.23937296867371 3.09286499023438 2.97541904449463 3.05840706825256 3.16459798812866 3.26972794532776 3.3584349155426 3.33774495124817 3.34536409378052 3.38761496543884 -9999 -9999 -9999 -9999
