Variables/MIS5a/ctemp.asc
NCOLS 258 
NROWS 132 
XLLCORNER -10.933275447 
YLLCORNER 36.059072361 
CELLSIZE 0.11561 
NODATA_value -9999 
[rows 0 to 22 of 132, columns 156 to 207 of 258]
-2.21065902709961 -2.32042908668518 -2.40883708000183 -2.54287195205688 -2.67290306091309 -2.77685189247131 -2.81117701530457 -2.89627194404602 -3.03371810913086 -3.0929319858551 -3.26213407516479 -3.47624611854553 -3.56153011322021 -3.4485080242157 -3.28280305862427 -3.16640210151672 -3.16125392913818 -3.17297196388245 -3.17705893516541 -3.15537309646606 -3.19084191322327 -3.28700304031372 -3.44618010520935 -3.42551589012146 -3.34205889701843 -3.40204000473022 -3.53010201454163 -3.61456394195557 -3.56158494949341 -3.5460569858551 -3.54930901527405 -3.56769394874573 -3.56424403190613 -3.57725405693054 -3.60756492614746 -3.65701794624329 -3.68603897094727 -3.70121192932129 -3.70425295829773 -3.74809503555298 -3.7881019115448 -3.80045509338379 -3.8024959564209 -3.80943703651428 -3.82536101341248 -3.86537194252014 -3.88520002365112 -3.89401388168335 -3.92451500892639 -3.8950629234314 -3.86203503608704 -3.88959503173828
-2.23350310325623 -2.27499389648438 -2.4628369808197 -2.64009499549866 -2.79941511154175 -2.92662906646729 -2.94701194763184 -3.00801301002502 -3.1229031085968 -3.21527099609375 -3.35906910896301 -3.50592994689941 -3.52075290679932 -3.37476205825806 -3.22439789772034 -3.20784592628479 -3.22148299217224 -3.20827889442444 -3.15017199516296 -3.14310693740845 -3.18830394744873 -3.28497791290283 -3.44761991500854 -3.45141911506653 -3.39719390869141 -3.45635890960693 -3.52794289588928 -3.58023810386658 -3.5830340385437 -3.55311298370361 -3.5437319278717 -3.56708097457886 -3.57993006706238 -3.61207795143127 -3.65753793716431 -3.68548798561096 -3.69669508934021 -3.69951295852661 -3.70088696479797 -3.72679400444031 -3.75882196426392 -3.78917193412781 -3.81304097175598 -3.83325004577637 -3.85232210159302 -3.88794302940369 -3.90169906616211 -3.90120410919189 -3.91050004959106 -3.89866995811462 -3.88922810554504 -3.91149497032166
-2.2610080242157 -2.26142811775208 -2.529541015625 -2.71518206596375 -2.86923789978027 -2.99710488319397 -3.00230097770691 -3.03835892677307 -3.1248939037323 -3.28642296791077 -3.37659788131714 -3.40248107910156 -3.3405499458313 -3.20838809013367 -3.12021398544312 -3.20475101470947 -3.23085188865662 -3.19882988929749 -3.10370993614197 -3.1611430644989 -3.22792100906372 -3.29492092132568 -3.38694190979004 -3.42376899719238 -3.43883395195007 -3.48797106742859 -3.49744510650635 -3.52939391136169 -3.63442206382751 -3.59866690635681 -3.57422304153442 -3.5911169052124 -3.6082329750061 -3.65574288368225 -3.72120499610901 -3.74061799049377 -3.73707509040833 -3.72778701782227 -3.73639488220215 -3.74732708930969 -3.76793599128723 -3.80629396438599 -3.83601307868958 -3.86122894287109 -3.8826220035553 -3.90522789955139 -3.90912795066833 -3.90041708946228 -3.89503502845764 -3.91079306602478 -3.93592596054077 -3.96333694458008
-2.35649991035461 -2.49896192550659 -2.57377409934998 -2.66685509681702 -2.77494597434998 -2.90016508102417 -2.91209101676941 -2.94774389266968 -3.02606391906738 -3.26609206199646 -3.31342601776123 -3.23949193954468 -3.16688990592957 -3.08005309104919 -3.02546691894531 -3.06936001777649 -3.13344693183899 -3.15277695655823 -3.10972905158997 -3.30577802658081 -3.40967202186584 -3.41526103019714 -3.35131502151489 -3.38449311256409 -3.44733309745789 -3.42889809608459 -3.48216390609741 -3.5777370929718 -3.72644710540771 -3.71524500846863 -3.69783306121826 -3.69991993904114 -3.69016599655151 -3.72518992424011 -3.79307198524475 -3.83123397827148 -3.85556602478027 -3.86852693557739 -3.85748505592346 -3.87813305854797 -3.90280699729919 -3.91335391998291 -3.90626001358032 -3.90007400512695 -3.89683294296265 -3.90375804901123 -3.90902304649353 -3.91505789756775 -3.95205497741699 -3.97599697113037 -4.01138305664062 -4.11540699005127
-2.43254590034485 -2.55218505859375 -2.5717830657959 -2.62593102455139 -2.69766998291016 -2.78469491004944 -2.87247705459595 -2.98281908035278 -3.10653805732727 -3.15170693397522 -3.17823505401611 -3.17372298240662 -3.07081389427185 -2.99915504455566 -2.97029900550842 -3.0179328918457 -3.09371495246887 -3.14760899543762 -3.16941404342651 -3.31149411201477 -3.37492203712463 -3.35838389396667 -3.3631739616394 -3.4156711101532 -3.49344110488892 -3.57018899917603 -3.58643794059753 -3.629065990448 -3.77022695541382 -3.95101308822632 -4.04821014404297 -4.02478313446045 -3.93957495689392 -3.89731097221375 -3.89792704582214 -3.91737294197083 -3.91751599311829 -3.90377902984619 -3.87784290313721 -3.94281911849976 -4.00960302352905 -4.02960395812988 -3.99238300323486 -3.98323011398315 -4.01166391372681 -3.99918103218079 -4.02365303039551 -4.07926511764526 -4.14859819412231 -4.19264221191406 -4.23809099197388 -4.31717681884766
-2.47669005393982 -2.54899501800537 -2.56793189048767 -2.61157393455505 -2.66901206970215 -2.74308204650879 -2.88856101036072 -3.0377631187439 -3.15772390365601 -3.04292702674866 -3.02846789360046 -3.05991005897522 -2.97513389587402 -2.93619608879089 -2.9363329410553 -2.99129104614258 -3.08758807182312 -3.19508600234985 -3.3029260635376 -3.33975100517273 -3.33378505706787 -3.30928802490234 -3.38973188400269 -3.4970600605011 -3.62407994270325 -3.77819490432739 -3.74370789527893 -3.70770788192749 -3.7991669178009 -4.05454111099243 -4.23376893997192 -4.27576112747192 -4.2289662361145 -4.16400480270386 -4.10045099258423 -4.10367298126221 -4.04732084274292 -3.98318290710449 -3.99044108390808 -4.07169198989868 -4.14773511886597 -4.17421913146973 -4.1158881187439 -4.09979009628296 -4.14127779006958 -4.14164304733276 -4.1853551864624 -4.26437187194824 -4.35907983779907 -4.43896818161011 -4.50566816329956 -4.55296277999878
-2.48261094093323 -2.51927804946899 -2.57869410514832 -2.63398408889771 -2.70854711532593 -2.81681704521179 -2.961580991745 -3.06357407569885 -3.11265707015991 -2.97377109527588 -2.88943696022034 -2.83486008644104 -2.85868501663208 -2.88973498344421 -2.92403888702393 -2.97711396217346 -3.11069488525391 -3.30327200889587 -3.57737803459167 -3.45046401023865 -3.36654996871948 -3.32681703567505 -3.42647194862366 -3.63374400138855 -3.8745059967041 -4.01519298553467 -3.92110204696655 -3.82055592536926 -3.81486511230469 -3.90821409225464 -4.07654094696045 -4.3332052230835 -4.49620389938354 -4.51572322845459 -4.44299221038818 -4.43937683105469 -4.29852914810181 -4.16953277587891 -4.28583002090454 -4.32173490524292 -4.34222888946533 -4.35830783843994 -4.28967094421387 -4.25208616256714 -4.25404405593872 -4.33182907104492 -4.39737606048584 -4.43746900558472 -4.55691480636597 -4.69455194473267 -4.79236507415771 -4.82343816757202
-2.56496405601501 -2.51267409324646 -2.57371997833252 -2.61575198173523 -2.67723393440247 -2.77563691139221 -2.80974507331848 -2.83744502067566 -2.86133503913879 -2.83728504180908 -2.85213804244995 -2.8920910358429 -2.92620992660522 -2.9410719871521 -2.96494007110596 -3.02856588363647 -3.09755110740662 -3.23746109008789 -3.46475100517273 -3.47285389900208 -3.44397401809692 -3.42424702644348 -3.55338191986084 -3.81178498268127 -4.05157709121704 -3.96595001220703 -3.81061792373657 -3.70996999740601 -3.771075963974 -3.85274791717529 -3.962562084198 -4.10661220550537 -4.28926086425781 -4.41351699829102 -4.47621393203735 -4.47134113311768 -4.41950082778931 -4.3883900642395 -4.49317789077759 -4.47158098220825 -4.45161199569702 -4.49429893493652 -4.40921211242676 -4.38472604751587 -4.46594381332397 -4.69181394577026 -4.92683601379395 -5.12900876998901 -5.17206621170044 -5.26974296569824 -5.29976892471313 -5.07167816162109
-2.60460090637207 -2.51524305343628 -2.55451703071594 -2.59388089179993 -2.64964199066162 -2.72954607009888 -2.74686002731323 -2.75645399093628 -2.76985907554626 -2.81308007240295 -2.91796207427979 -3.02625608444214 -2.98069190979004 -2.97466897964478 -3.00095391273499 -3.06839108467102 -3.09037399291992 -3.16566896438599 -3.32739210128784 -3.41151905059814 -3.44541907310486 -3.46050596237183 -3.60551500320435 -3.82811903953552 -3.99771308898926 -3.81910800933838 -3.68738889694214 -3.63944005966187 -3.73378705978394 -3.80807495117188 -3.87079906463623 -3.92920804023743 -4.05617713928223 -4.19132709503174 -4.30810403823853 -4.30816984176636 -4.359543800354 -4.45142316818237 -4.58589601516724 -4.57317113876343 -4.54748010635376 -4.57089900970459 -4.54203987121582 -4.5530858039856 -4.63225412368774 -4.84027719497681 -5.05766105651855 -5.23332118988037 -5.20424318313599 -5.23481512069702 -5.24477481842041 -5.11923503875732
-2.58101606369019 -2.52529096603394 -2.53385210037231 -2.59550189971924 -2.64830207824707 -2.6880578994751 -2.7913920879364 -2.83772706985474 -2.82901906967163 -2.88798403739929 -3.03198909759521 -3.18861103057861 -2.99872899055481 -2.97678899765015 -3.02320289611816 -3.09127688407898 -3.08957695960999 -3.11174392700195 -3.17502903938293 -3.29913902282715 -3.38018894195557 -3.43445611000061 -3.56490206718445 -3.67359209060669 -3.72900295257568 -3.61124992370605 -3.59551000595093 -3.62918305397034 -3.70912408828735 -3.76371908187866 -3.80237102508545 -3.81880807876587 -3.87024092674255 -3.93821501731873 -3.99592399597168 -4.02264022827148 -4.16195583343506 -4.35455417633057 -4.55833721160889 -4.62390518188477 -4.63813018798828 -4.59449195861816 -4.68100881576538 -4.72810888290405 -4.73572778701782 -4.75070476531982 -4.77832698822021 -4.77017211914062 -4.70216798782349 -4.67185497283936 -4.68887901306152 -4.9852728843689
-2.47328209877014 -2.54303693771362 -2.65879011154175 -2.75895595550537 -2.78134298324585 -2.68686294555664 -2.78124690055847 -2.83961606025696 -2.83618688583374 -2.80522894859314 -2.85182499885559 -2.93355703353882 -2.9458429813385 -2.96927499771118 -3.00616192817688 -3.06517505645752 -3.05809211730957 -3.09389996528625 -3.21236705780029 -3.35142493247986 -3.41649794578552 -3.41542506217957 -3.43016600608826 -3.46360111236572 -3.49991893768311 -3.50870609283447 -3.5515410900116 -3.60631799697876 -3.66340708732605 -3.72808289527893 -3.78895497322083 -3.83911895751953 -3.82764601707458 -3.9141960144043 -4.06429004669189 -4.09027719497681 -4.12943077087402 -4.19902420043945 -4.34234714508057 -4.55085897445679 -4.72103595733643 -4.78264284133911 -4.71495485305786 -4.6540060043335 -4.61818218231201 -4.55701208114624 -4.64680194854736 -4.83127689361572 -4.94896793365479 -4.91490077972412 -4.85403299331665 -4.89423894882202
-2.4532630443573 -2.63200902938843 -2.71019697189331 -2.82219099998474 -2.84798789024353 -2.72383499145508 -2.7450909614563 -2.7676990032196 -2.77039098739624 -2.76473093032837 -2.79221892356873 -2.84649610519409 -2.92446398735046 -2.95552706718445 -2.98339200019836 -3.04527401924133 -3.05755710601807 -3.1006920337677 -3.20921301841736 -3.38213205337524 -3.42742204666138 -3.35860204696655 -3.3380229473114 -3.36861395835876 -3.42250108718872 -3.46410489082336 -3.50227904319763 -3.55614495277405 -3.64513492584229 -3.72745299339294 -3.78787708282471 -3.81747102737427 -3.7961630821228 -3.91484808921814 -4.12003612518311 -4.15284395217896 -4.15939521789551 -4.1710991859436 -4.23100185394287 -4.4450569152832 -4.65261697769165 -4.75992012023926 -4.71551990509033 -4.6397647857666 -4.56421279907227 -4.56835603713989 -4.6873140335083 -4.8642749786377 -4.95298099517822 -4.92804098129272 -4.8652811050415 -4.82569217681885
-2.52038192749023 -2.74043607711792 -2.70414400100708 -2.78765201568604 -2.82692193984985 -2.74090003967285 -2.69125699996948 -2.66947197914124 -2.67515301704407 -2.74998092651367 -2.8049590587616 -2.85236001014709 -2.91949009895325 -2.94193601608276 -2.96438598632812 -3.02894806861877 -3.0728759765625 -3.11831307411194 -3.17400598526001 -3.36595606803894 -3.39417004585266 -3.28059196472168 -3.29124093055725 -3.355309009552 -3.4327540397644 -3.45569801330566 -3.46188807487488 -3.5077850818634 -3.65347695350647 -3.74762392044067 -3.78957796096802 -3.77547597885132 -3.77077198028564 -3.90681409835815 -4.13551998138428 -4.18378496170044 -4.20832920074463 -4.21671199798584 -4.20371389389038 -4.34764623641968 -4.50198793411255 -4.60593795776367 -4.65907001495361 -4.63214921951294 -4.53220701217651 -4.68921804428101 -4.79871702194214 -4.85324382781982 -4.79302501678467 -4.76424407958984 -4.75101280212402 -4.73986291885376
-2.71448111534119 -2.74128198623657 -2.65066409111023 -2.62337899208069 -2.60989999771118 -2.59799695014954 -2.62118196487427 -2.63579297065735 -2.6439790725708 -2.71955800056458 -2.77455997467041 -2.82119202613831 -2.89752507209778 -2.94258499145508 -2.97457504272461 -3.00210499763489 -3.07285690307617 -3.12320995330811 -3.13556694984436 -3.22714710235596 -3.25459909439087 -3.23128890991211 -3.32257199287415 -3.38578510284424 -3.42953491210938 -3.46067500114441 -3.47785711288452 -3.53926706314087 -3.70282292366028 -3.76830506324768 -3.77847409248352 -3.74000191688538 -3.76115798950195 -3.83383893966675 -3.95254302024841 -4.12133979797363 -4.2066388130188 -4.24864482879639 -4.28241395950317 -4.34537792205811 -4.38781404495239 -4.37732982635498 -4.43393802642822 -4.46817922592163 -4.48554086685181 -4.74037313461304 -4.79886388778687 -4.71098804473877 -4.61272621154785 -4.56456184387207 -4.53765392303467 -4.51484680175781
-2.65629911422729 -2.68849301338196 -2.61498498916626 -2.5685760974884 -2.56030297279358 -2.60446095466614 -2.64559006690979 -2.6558039188385 -2.64430594444275 -2.70879197120667 -2.75712490081787 -2.7960569858551 -2.85283207893372 -2.9173789024353 -2.993488073349 -3.09113502502441 -3.17535591125488 -3.21757388114929 -3.20855689048767 -3.27394199371338 -3.29705405235291 -3.28456902503967 -3.33986902236938 -3.38974499702454 -3.43092894554138 -3.45834994316101 -3.5058228969574 -3.57767200469971 -3.68505096435547 -3.74049806594849 -3.76262998580933 -3.75672698020935 -3.77057909965515 -3.81738495826721 -3.90317106246948 -4.065260887146 -4.16923904418945 -4.23294401168823 -4.26365184783936 -4.27849006652832 -4.28713512420654 -4.29334020614624 -4.31855297088623 -4.36651515960693 -4.44951915740967 -4.64077806472778 -4.69354200363159 -4.63916015625 -4.56873416900635 -4.50397396087646 -4.44878911972046 -4.41312503814697
-2.49826002120972 -2.58113408088684 -2.54671001434326 -2.53435802459717 -2.55733394622803 -2.63059997558594 -2.68146395683289 -2.69173789024353 -2.66869497299194 -2.71174097061157 -2.74334597587585 -2.76999688148499 -2.81531596183777 -2.88851499557495 -2.9924840927124 -3.14712691307068 -3.23063802719116 -3.26877498626709 -3.26332497596741 -3.31832909584045 -3.34114599227905 -3.33326005935669 -3.34885096549988 -3.39621806144714 -3.45465993881226 -3.4894540309906 -3.56142091751099 -3.63475489616394 -3.68584394454956 -3.73323893547058 -3.76887607574463 -3.7890191078186 -3.78677701950073 -3.8132529258728 -3.87403106689453 -4.00131797790527 -4.11945009231567 -4.21418523788452 -4.24906015396118 -4.23421907424927 -4.22753381729126 -4.26015520095825 -4.26139879226685 -4.3027400970459 -4.39578008651733 -4.5069432258606 -4.56742286682129 -4.58964776992798 -4.60153007507324 -4.52034902572632 -4.42560482025146 -4.4019980430603
-2.31564807891846 -2.38794589042664 -2.39138293266296 -2.46004605293274 -2.52939105033875 -2.58264303207397 -2.6690399646759 -2.72107005119324 -2.73990392684937 -2.72984194755554 -2.72682309150696 -2.73915791511536 -2.81245994567871 -2.8709979057312 -2.93803596496582 -3.03292202949524 -3.09362602233887 -3.14785599708557 -3.20268201828003 -3.2080409526825 -3.2425639629364 -3.30314898490906 -3.349848985672 -3.43026208877563 -3.52557301521301 -3.60445809364319 -3.67073392868042 -3.72963500022888 -3.77383089065552 -3.81157803535461 -3.82957291603088 -3.82151889801025 -3.8040759563446 -3.79328203201294 -3.79914903640747 -3.91516995429993 -4.07044076919556 -4.22489595413208 -4.32053899765015 -4.29401588439941 -4.25255584716797 -4.23480796813965 -4.24932813644409 -4.27563190460205 -4.31413412094116 -4.41226196289062 -4.47453880310059 -4.53354597091675 -4.70174407958984 -4.59703397750854 -4.45659303665161 -4.50266790390015
-2.20815396308899 -2.29744100570679 -2.35299110412598 -2.44676208496094 -2.53877210617065 -2.61197304725647 -2.68256998062134 -2.69322800636292 -2.65158891677856 -2.68303203582764 -2.70180296897888 -2.71845388412476 -2.774169921875 -2.81568288803101 -2.85730195045471 -2.91253995895386 -2.95811200141907 -3.00543403625488 -3.05705499649048 -3.09054493904114 -3.15359902381897 -3.24634003639221 -3.34761905670166 -3.45659995079041 -3.56188988685608 -3.63866305351257 -3.72569894790649 -3.79660701751709 -3.82612204551697 -3.85131692886353 -3.86000108718872 -3.84889698028564 -3.83906292915344 -3.8270959854126 -3.83295798301697 -3.94967889785767 -4.07117700576782 -4.18963384628296 -4.29626607894897 -4.29135513305664 -4.25249195098877 -4.20979499816895 -4.2090630531311 -4.22031116485596 -4.23977899551392 -4.27630519866943 -4.32336282730103 -4.38217687606812 -4.46586513519287 -4.48609209060669 -4.52644014358521 -4.69694900512695
-2.15136289596558 -2.25092601776123 -2.32977199554443 -2.42441201210022 -2.51288390159607 -2.58362889289856 -2.62824702262878 -2.62090706825256 -2.57504510879517 -2.63746094703674 -2.67440104484558 -2.69520711898804 -2.73242902755737 -2.75725197792053 -2.78657388687134 -2.83819508552551 -2.87343502044678 -2.91268610954285 -2.96442008018494 -3.04717397689819 -3.15302610397339 -3.27214789390564 -3.35646390914917 -3.460697889328 -3.56775498390198 -3.64092898368835 -3.73381090164185 -3.81015205383301 -3.83785104751587 -3.84963202476501 -3.85799503326416 -3.86556601524353 -3.87481999397278 -3.89231300354004 -3.92609405517578 -4.01940822601318 -4.09397315979004 -4.16158199310303 -4.23844814300537 -4.25361680984497 -4.23331022262573 -4.17824697494507 -4.14930820465088 -4.16212511062622 -4.21636915206909 -4.2483811378479 -4.28758716583252 -4.32860422134399 -4.3481822013855 -4.43400621414185 -4.60166501998901 -4.92094898223877
-2.14327788352966 -2.24057602882385 -2.30237889289856 -2.36875009536743 -2.42686796188354 -2.46186494827271 -2.47961401939392 -2.50849008560181 -2.55020499229431 -2.60937094688416 -2.64476895332336 -2.66786193847656 -2.69411706924438 -2.71055197715759 -2.74093389511108 -2.82913708686829 -2.85923194885254 -2.89373302459717 -2.95380806922913 -3.10011196136475 -3.25862097740173 -3.42128300666809 -3.38177394866943 -3.4397599697113 -3.53840899467468 -3.61761808395386 -3.6971549987793 -3.76159405708313 -3.8025209903717 -3.80247402191162 -3.8206729888916 -3.86875796318054 -3.90698504447937 -3.98036408424377 -4.08506679534912 -4.10219192504883 -4.12771797180176 -4.15239906311035 -4.15301704406738 -4.18175077438354 -4.18886995315552 -4.14140892028809 -4.07409191131592 -4.1076512336731 -4.26921701431274 -4.35451507568359 -4.39371299743652 -4.42331981658936 -4.45223379135132 -4.49641990661621 -4.66861295700073 -5.14992904663086
-2.12722611427307 -2.20181703567505 -2.22224807739258 -2.26323795318604 -2.30287504196167 -2.33425807952881 -2.4093120098114 -2.47945094108582 -2.53719902038574 -2.57925510406494 -2.60039210319519 -2.615473985672 -2.66056299209595 -2.72930002212524 -2.79736495018005 -2.84217095375061 -2.85387802124023 -2.87338805198669 -2.91940903663635 -3.04766011238098 -3.19746398925781 -3.34724998474121 -3.41386604309082 -3.46026206016541 -3.50922703742981 -3.60300493240356 -3.72036290168762 -3.80230093002319 -3.79343700408936 -3.77306509017944 -3.8078498840332 -3.9090940952301 -3.93705296516418 -3.99075293540955 -4.0593581199646 -4.06268787384033 -4.09132289886475 -4.11804819107056 -4.09602403640747 -4.07777404785156 -4.06297922134399 -4.05295181274414 -4.04860210418701 -4.05917692184448 -4.08417987823486 -4.09247922897339 -4.09961414337158 -4.11863422393799 -4.19694185256958 -4.35028505325317 -4.57371616363525 -4.90549993515015
-2.11631989479065 -2.1797239780426 -2.16479897499084 -2.19038891792297 -2.22961711883545 -2.27759695053101 -2.36724495887756 -2.44409990310669 -2.50088310241699 -2.5463650226593 -2.66112494468689 -2.80821204185486 -2.90232610702515 -2.94323706626892 -2.9531729221344 -2.9342839717865 -2.93693590164185 -2.93586206436157 -2.92943811416626 -3.02229595184326 -3.13426399230957 -3.25298190116882 -3.36873602867126 -3.48161602020264 -3.58987092971802 -3.68638300895691 -3.79367208480835 -3.85926389694214 -3.82872891426086 -3.77309203147888 -3.7807629108429 -3.86874604225159 -3.89254188537598 -3.92186999320984 -3.95622801780701 -3.96675705909729 -3.99033188819885 -4.01066303253174 -3.99897694587708 -3.9664409160614 -3.95461511611938 -3.99259495735168 -4.03339099884033 -4.04703092575073 -4.02691793441772 -3.98608088493347 -3.96630692481995 -3.97112011909485 -4.0179238319397 -4.13274002075195 -4.28916215896606 -4.48295497894287
-2.14331603050232 -2.19934606552124 -2.13398098945618 -2.15214204788208 -2.20260691642761 -2.27903008460999 -2.34237504005432 -2.39628410339355 -2.44568490982056 -2.58404898643494 -2.86751103401184 -3.19339108467102 -3.32285094261169 -3.25700497627258 -3.15532302856445 -3.07383894920349 -3.07027506828308 -3.04890394210815 -2.96955394744873 -3.03780007362366 -3.1162440776825 -3.18453407287598 -3.31141805648804 -3.52701997756958 -3.75087404251099 -3.82333207130432 -3.86221098899841 -3.88641500473022 -3.86882710456848 -3.77226400375366 -3.73372006416321 -3.76397204399109 -3.78983306884766 -3.8026819229126 -3.80477094650269 -3.84130501747131 -3.85815191268921 -3.86292004585266 -3.88314199447632 -3.87795495986938 -3.88880896568298 -3.96284008026123 -4.01833295822144 -4.05516481399536 -4.07398891448975 -4.03576898574829 -4.00560283660889 -3.97809100151062 -3.94801998138428 -3.92615604400635 -3.91424202919006 -3.98751306533813
