Variables/MIS5a/ctemp.asc
NCOLS 258 
NROWS 132 
XLLCORNER -10.933275447 
YLLCORNER 36.059072361 
CELLSIZE 0.11561 
NODATA_value -9999 
[rows 23 to 45 of 132, columns 156 to 207 of 258]
-2.36295509338379 -2.41700601577759 -2.15435695648193 -2.1278760433197 -2.17814803123474 -2.26576995849609 -2.3147759437561 -2.34643602371216 -2.42470407485962 -3.11297202110291 -3.39987301826477 -3.39987397193909 -3.32172703742981 -3.21463394165039 -3.11831498146057 -3.07470798492432 -3.05712389945984 -3.02878904342651 -2.98567605018616 -3.11347198486328 -3.30087804794312 -3.51542210578918 -3.62997698783875 -3.73201489448547 -3.79603099822998 -3.7313289642334 -3.68092799186707 -3.6423499584198 -3.61939001083374 -3.62247610092163 -3.64848804473877 -3.69664096832275 -3.72060108184814 -3.74902606010437 -3.77961492538452 -3.79192709922791 -3.83068704605103 -3.87556195259094 -3.89792895317078 -3.94444298744202 -3.97841501235962 -3.97681093215942 -3.97608208656311 -3.99813199043274 -4.04358291625977 -4.06018781661987 -4.05186080932617 -4.03278398513794 -4.04433298110962 -4.03133296966553 -4.01585102081299 -4.02276515960693
-2.54394388198853 -2.55636596679688 -2.18965697288513 -2.11938691139221 -2.14591193199158 -2.20974206924438 -2.23553705215454 -2.31313300132751 -2.50823903083801 -3.17379593849182 -3.43836498260498 -3.40127205848694 -3.24271202087402 -3.11889410018921 -3.03617405891418 -3.02263498306274 -3.063560962677 -3.13679194450378 -3.24494791030884 -3.4244909286499 -3.62508606910706 -3.80828189849854 -3.80047297477722 -3.7608470916748 -3.69946503639221 -3.60220503807068 -3.54875206947327 -3.52923893928528 -3.55165100097656 -3.59676098823547 -3.64627695083618 -3.69255590438843 -3.70080304145813 -3.72271394729614 -3.75874495506287 -3.79531002044678 -3.84135103225708 -3.89143991470337 -3.93938899040222 -3.95277905464172 -3.94744205474854 -3.92676091194153 -3.94296789169312 -3.98762011528015 -4.05223894119263 -4.06407880783081 -4.0584511756897 -4.0448431968689 -4.03827619552612 -4.03681516647339 -4.02570819854736 -3.98247003555298
-2.66563892364502 -2.61870408058167 -2.20559692382812 -2.12176299095154 -2.12894892692566 -2.16594409942627 -2.19764304161072 -2.34390306472778 -2.6197829246521 -3.02747106552124 -3.25793409347534 -3.32789897918701 -3.18180799484253 -3.0891809463501 -3.0449390411377 -3.08749794960022 -3.22953009605408 -3.40532398223877 -3.61314392089844 -3.77986192703247 -3.9052529335022 -3.97588205337524 -3.82396101951599 -3.6868269443512 -3.57284688949585 -3.5096390247345 -3.50867891311646 -3.53883290290833 -3.60125207901001 -3.65836691856384 -3.70782899856567 -3.74702191352844 -3.73525905609131 -3.74737310409546 -3.78371810913086 -3.84964489936829 -3.88842701911926 -3.92473006248474 -4.00027799606323 -3.95667791366577 -3.90112209320068 -3.88670611381531 -3.93953800201416 -4.00513887405396 -4.07153797149658 -4.04107809066772 -4.0247859954834 -4.01629400253296 -3.97737789154053 -3.98351311683655 -3.98488593101501 -3.9196949005127
-2.67250299453735 -2.54903888702393 -2.16968202590942 -2.13506603240967 -2.17899990081787 -2.23173189163208 -2.39031600952148 -2.56392407417297 -2.74859499931335 -3.02428007125854 -3.22677898406982 -3.34099102020264 -3.31398606300354 -3.34510207176208 -3.44361305236816 -3.66393804550171 -3.88488006591797 -3.99202489852905 -3.9256329536438 -3.87453198432922 -3.80638194084167 -3.71812200546265 -3.61785006523132 -3.58726596832275 -3.59169101715088 -3.6080379486084 -3.67359709739685 -3.73017191886902 -3.73767590522766 -3.78902006149292 -3.83924293518066 -3.87934803962708 -3.8704719543457 -3.90162992477417 -3.96162605285645 -3.98906707763672 -4.00005006790161 -4.01535892486572 -4.07892608642578 -4.05807685852051 -4.02382278442383 -4.00936317443848 -4.01898908615112 -4.03280210494995 -4.04247903823853 -3.96096706390381 -3.92679810523987 -3.9232439994812 -3.91450095176697 -3.93054103851318 -3.94260907173157 -3.92225694656372
-2.86478590965271 -2.4927179813385 -2.26093292236328 -2.25533294677734 -2.3052659034729 -2.36319994926453 -2.55470108985901 -2.89113306999207 -3.34965991973877 -3.74117493629456 -3.8321270942688 -3.73382496833801 -3.62696599960327 -3.73473691940308 -3.92319202423096 -4.1123948097229 -4.15194416046143 -4.08856821060181 -3.92812991142273 -3.83782005310059 -3.78941106796265 -3.76923704147339 -3.73588109016418 -3.77181005477905 -3.83258700370789 -3.84397101402283 -3.90407991409302 -3.96363401412964 -3.98913788795471 -4.04449796676636 -4.09347915649414 -4.12576580047607 -4.14041519165039 -4.18204784393311 -4.23945188522339 -4.25520277023315 -4.23491907119751 -4.21194410324097 -4.23333501815796 -4.22990703582764 -4.20715808868408 -4.16293001174927 -4.1549220085144 -4.14029312133789 -4.11412382125854 -4.10975694656372 -4.09401988983154 -4.06411981582642 -4.01080799102783 -3.99902296066284 -4.01005601882935 -4.03633594512939
-3.05985903739929 -2.47822093963623 -2.39038896560669 -2.41196489334106 -2.46936798095703 -2.55390310287476 -2.87216401100159 -3.3883330821991 -4.05458784103394 -4.44555521011353 -4.38610601425171 -4.08127403259277 -3.92852902412415 -4.05148315429688 -4.23467111587524 -4.31649208068848 -4.19225692749023 -4.04046487808228 -3.9115879535675 -3.86594700813293 -3.86952805519104 -3.90991902351379 -3.94588303565979 -4.03669214248657 -4.13181018829346 -4.12587213516235 -4.17344188690186 -4.24554109573364 -4.33256387710571 -4.38127994537354 -4.41971683502197 -4.45155906677246 -4.46271419525146 -4.47734498977661 -4.49687480926514 -4.52228498458862 -4.48944997787476 -4.44642782211304 -4.46264886856079 -4.46494007110596 -4.42844390869141 -4.32761383056641 -4.29015922546387 -4.25614023208618 -4.2246298789978 -4.28482294082642 -4.28620719909668 -4.2378101348877 -4.16346406936646 -4.10040998458862 -4.07779884338379 -4.15604496002197
-3.14089608192444 -2.53886103630066 -2.54213905334473 -2.57839608192444 -2.66757011413574 -2.82621598243713 -3.49520111083984 -4.13804197311401 -4.71687698364258 -4.72585487365723 -4.47479820251465 -4.13117504119873 -4.10742282867432 -4.14205598831177 -4.1773247718811 -4.10964584350586 -4.01924180984497 -3.98236298561096 -4.03631496429443 -4.08247423171997 -4.08158302307129 -4.050133228302 -4.15400505065918 -4.28996419906616 -4.41881799697876 -4.42242622375488 -4.48343992233276 -4.59764814376831 -4.79707193374634 -4.80002689361572 -4.81341123580933 -4.86723613739014 -4.81124114990234 -4.73412799835205 -4.65281820297241 -4.72290897369385 -4.71344900131226 -4.69797086715698 -4.79361915588379 -4.7878270149231 -4.69543600082397 -4.49914598464966 -4.40572786331177 -4.35439014434814 -4.35270977020264 -4.39997386932373 -4.39917898178101 -4.34589195251465 -4.34779119491577 -4.22053289413452 -4.09291696548462 -4.22844982147217
-2.92055988311768 -2.64818406105042 -2.68468594551086 -2.75972390174866 -2.98864507675171 -3.46488809585571 -4.02207183837891 -4.5154390335083 -4.87126398086548 -4.71533012390137 -4.37472486495972 -4.01532697677612 -4.00178194046021 -3.96607089042664 -3.92218208312988 -3.88363909721375 -3.86166405677795 -3.87607002258301 -3.94260811805725 -4.07295703887939 -4.11137104034424 -4.09149980545044 -4.28339385986328 -4.44520807266235 -4.58843994140625 -4.74377822875977 -4.85026597976685 -4.96712779998779 -5.13372278213501 -5.12038087844849 -5.11931991577148 -5.16972923278809 -5.16244888305664 -5.07144021987915 -4.94051599502563 -4.94635915756226 -4.96697378158569 -5.0326042175293 -5.22460222244263 -5.25490379333496 -5.22494983673096 -5.15499401092529 -4.85088014602661 -4.75860786437988 -4.93787717819214 -5.01779079437256 -5.0485692024231 -5.06058502197266 -5.12547016143799 -4.88829898834229 -4.58558511734009 -4.46151876449585
-2.85048007965088 -2.83538007736206 -2.88825106620789 -2.94771599769592 -3.17567610740662 -3.67806506156921 -4.06554698944092 -4.37771797180176 -4.58028602600098 -4.371741771698 -4.11220693588257 -3.88418793678284 -3.87804388999939 -3.84566903114319 -3.82083296775818 -3.84137201309204 -3.88110899925232 -3.91994309425354 -3.95545601844788 -4.05177593231201 -4.09680223464966 -4.12034893035889 -4.36210918426514 -4.58507299423218 -4.82137203216553 -5.16657400131226 -5.29413080215454 -5.41723918914795 -5.67216682434082 -5.67160892486572 -5.64209699630737 -5.65286493301392 -5.91865301132202 -5.89046192169189 -5.63427686691284 -5.54325389862061 -5.58724212646484 -5.71213912963867 -5.89220714569092 -5.97921895980835 -6.01632785797119 -5.98732614517212 -5.45666980743408 -5.25524997711182 -5.49490880966187 -5.55849409103394 -5.72351598739624 -5.9300479888916 -5.94667482376099 -5.77920389175415 -5.56020784378052 -5.41271781921387
-3.03677606582642 -3.11916995048523 -3.17077302932739 -3.16563296318054 -3.22362208366394 -3.40146803855896 -3.63415193557739 -3.78162407875061 -3.82535696029663 -3.75067901611328 -3.74922895431519 -3.78215789794922 -3.7931809425354 -3.8631739616394 -3.94290590286255 -4.02913808822632 -4.12282705307007 -4.16277694702148 -4.13196420669556 -4.11498022079468 -4.11985111236572 -4.16112518310547 -4.4177451133728 -4.75076293945312 -5.15589904785156 -5.73591613769531 -5.8639121055603 -5.99006223678589 -6.485276222229 -6.55115079879761 -6.47413492202759 -6.29861211776733 -7.11686086654663 -7.21443605422974 -6.78833723068237 -6.57259321212769 -6.66237592697144 -6.82454395294189 -6.84479284286499 -6.94806623458862 -6.99663496017456 -6.94641208648682 -6.14806795120239 -5.82245016098022 -5.98213815689087 -5.97289896011353 -6.34168577194214 -6.88868808746338 -6.69720315933228 -6.76680994033813 -6.96905899047852 -7.12987279891968
-3.44034910202026 -3.59467601776123 -3.55854511260986 -3.62156891822815 -3.71885204315186 -3.83277893066406 -3.90053200721741 -3.92204403877258 -3.89767003059387 -3.83688902854919 -3.88043403625488 -3.97038388252258 -3.96418499946594 -4.08054876327515 -4.2694091796875 -4.52309322357178 -4.55682897567749 -4.59214401245117 -4.69430685043335 -4.78616189956665 -4.69641590118408 -4.50415182113647 -4.75814914703369 -5.14931583404541 -5.7349328994751 -6.81706476211548 -6.88353395462036 -6.98282623291016 -7.82023191452026 -7.84592580795288 -7.76469278335571 -7.74374723434448 -8.01696109771729 -8.1502799987793 -8.0880765914917 -7.63728809356689 -8.06893253326416 -8.6439266204834 -8.27463340759277 -7.67172193527222 -7.06609106063843 -6.58465480804443 -6.44757699966431 -6.58381414413452 -6.94439601898193 -6.95745992660522 -7.10909986495972 -7.289381980896 -7.04238319396973 -7.2364501953125 -7.55524778366089 -7.69159603118896
-4.13516283035278 -4.21802377700806 -4.08690309524536 -4.08506202697754 -4.08434820175171 -4.03634786605835 -4.0570912361145 -4.07695388793945 -4.08663320541382 -4.09754991531372 -4.11145401000977 -4.13762998580933 -4.2094841003418 -4.30127477645874 -4.44991111755371 -4.72166109085083 -4.98044300079346 -5.26968097686768 -5.59576606750488 -5.76009178161621 -5.43007898330688 -4.84549999237061 -5.42136383056641 -6.1383810043335 -6.96368217468262 -8.01954936981201 -8.21422100067139 -8.38528919219971 -9.07649993896484 -9.0908145904541 -8.80247211456299 -8.33072662353516 -8.33409023284912 -8.6088924407959 -8.90436935424805 -8.27961254119873 -8.42008113861084 -8.79142379760742 -8.65854072570801 -8.43926239013672 -7.99432802200317 -7.22371912002563 -7.62235021591187 -7.9514012336731 -7.97708702087402 -7.83726692199707 -7.81903409957886 -7.84234714508057 -7.61335420608521 -7.62468099594116 -7.72064399719238 -7.75558805465698
-4.81744909286499 -4.75777816772461 -4.57489681243896 -4.43106603622437 -4.30290079116821 -4.11982393264771 -4.1861720085144 -4.26891088485718 -4.35816478729248 -4.42411708831787 -4.36667585372925 -4.29914808273315 -4.55719709396362 -4.66797113418579 -4.73588418960571 -4.94844198226929 -5.51403093338013 -6.11669301986694 -6.74742889404297 -6.77178812026978 -6.2186450958252 -5.32756900787354 -6.47236919403076 -7.47411394119263 -8.40579414367676 -9.18343162536621 -9.63730335235596 -9.95643615722656 -10.1513500213623 -10.0537099838257 -9.53696727752686 -8.49514007568359 -8.55856895446777 -9.07362747192383 -9.69327259063721 -8.87148284912109 -8.31848239898682 -8.04909992218018 -8.58598613739014 -9.32558441162109 -9.48639965057373 -8.5393590927124 -9.37428092956543 -9.69751071929932 -9.22033882141113 -8.85137367248535 -8.70433235168457 -8.66771507263184 -8.58856201171875 -8.29035472869873 -7.89085578918457 -7.74145078659058
-4.46462106704712 -4.17999887466431 -4.22070503234863 -4.23197793960571 -4.33042621612549 -4.58448314666748 -4.78048181533813 -4.80816984176636 -4.67437601089478 -4.60133123397827 -4.53156185150146 -4.58735322952271 -5.25103187561035 -5.80941677093506 -6.30659818649292 -6.74690723419189 -6.70070123672485 -6.96634197235107 -7.75655698776245 -7.00180721282959 -6.86922883987427 -7.46142482757568 -8.47798728942871 -8.49698638916016 -8.33452796936035 -9.63015365600586 -10.5414800643921 -10.9020795822144 -10.3614101409912 -9.87533760070801 -9.74081230163574 -10.0459203720093 -10.4399499893188 -11.2140703201294 -12.0120601654053 -10.92160987854 -9.83933353424072 -9.28804588317871 -10.403639793396 -10.5741195678711 -10.467399597168 -10.3198003768921 -10.7542295455933 -11.1992797851562 -11.5201101303101 -11.1552095413208 -10.7351598739624 -10.4381904602051 -10.9022598266602 -10.4690103530884 -9.74422264099121 -9.25748443603516
-4.23098611831665 -4.16778898239136 -4.34990978240967 -4.47772121429443 -4.6863842010498 -5.05564880371094 -5.45693302154541 -5.72475719451904 -5.7974591255188 -5.45065212249756 -5.45343923568726 -5.71361112594604 -6.05175590515137 -6.84857320785522 -7.75855588912964 -8.50849723815918 -8.30819511413574 -8.39250946044922 -9.08929252624512 -8.37112045288086 -7.84898090362549 -7.81236982345581 -8.81115627288818 -9.1970739364624 -9.45018672943115 -10.5570697784424 -11.4147300720215 -11.6796598434448 -10.8905601501465 -10.5484895706177 -10.912540435791 -11.9868602752686 -12.2301502227783 -12.4533395767212 -12.5812397003174 -11.9107999801636 -10.6755800247192 -9.80784320831299 -10.9049100875854 -11.1296396255493 -10.8965196609497 -10.3316402435303 -11.0524396896362 -11.6423902511597 -11.7810201644897 -11.3093500137329 -10.6312198638916 -10.1032199859619 -10.8020896911621 -10.2903003692627 -9.45081615447998 -9.14736652374268
-4.30469703674316 -4.6085000038147 -4.94042110443115 -5.00502395629883 -5.15746402740479 -5.56418991088867 -6.14802694320679 -6.70751476287842 -7.14421892166138 -6.63728284835815 -6.91415023803711 -7.5291428565979 -7.29213905334473 -8.07880783081055 -9.150954246521 -10.0120496749878 -9.70842266082764 -9.57883071899414 -9.98117446899414 -9.43328952789307 -8.64709186553955 -7.90739488601685 -8.89438056945801 -9.94420433044434 -10.9143199920654 -11.5153503417969 -12.018349647522 -12.1357402801514 -11.5008401870728 -11.367790222168 -12.0740404129028 -13.6550903320312 -13.5324001312256 -13.0047101974487 -12.2797698974609 -11.9099798202515 -10.9254398345947 -10.079460144043 -10.6438903808594 -10.9245300292969 -10.6510601043701 -9.49733352661133 -10.5997104644775 -11.2645397186279 -11.0962295532227 -10.5362300872803 -9.7776517868042 -9.11198234558105 -9.68702220916748 -9.11215686798096 -8.35322189331055 -8.43268966674805
-5.07754993438721 -5.66332578659058 -6.26187992095947 -5.78641319274902 -5.56005811691284 -6.17784595489502 -6.80531311035156 -7.44394111633301 -8.0356502532959 -7.97637891769409 -8.98979187011719 -10.3145999908447 -9.67624378204346 -9.98549747467041 -10.5272397994995 -10.6490497589111 -10.0329103469849 -9.37759399414062 -8.8584041595459 -8.2219066619873 -8.53505611419678 -9.67718982696533 -10.3156995773315 -11.1961898803711 -12.0131902694702 -11.9643602371216 -11.8784799575806 -11.8640098571777 -12.0629997253418 -11.5327596664429 -12.0064697265625 -13.8095302581787 -13.5675897598267 -12.7162399291992 -11.4741401672363 -10.3724498748779 -10.3817796707153 -10.6107997894287 -9.7221565246582 -9.42990493774414 -9.13545322418213 -8.66812515258789 -9.3199462890625 -9.82414054870605 -10.025050163269 -9.75105381011963 -9.41036891937256 -9.03117084503174 -8.6112756729126 -8.0075044631958 -7.58119297027588 -7.98333883285522
-6.26019716262817 -7.03959989547729 -7.29057788848877 -7.1469202041626 -7.13863801956177 -7.54603910446167 -8.39729785919189 -9.50576591491699 -10.6434602737427 -10.3790197372437 -10.83141040802 -11.4426898956299 -10.513500213623 -10.6395101547241 -10.9776697158813 -10.8566398620605 -10.8275003433228 -10.6124200820923 -10.1042003631592 -9.68573379516602 -9.81086826324463 -10.4485998153687 -11.3136701583862 -11.9088001251221 -12.2704095840454 -12.3354396820068 -12.2089500427246 -12.1374797821045 -12.2850198745728 -11.6618099212646 -11.5486698150635 -12.1787595748901 -11.9040603637695 -11.0792798995972 -9.92689895629883 -9.04924392700195 -9.32461738586426 -9.79477024078369 -9.12784385681152 -9.68523406982422 -10.1268396377563 -9.73445606231689 -9.88649082183838 -10.0804195404053 -10.1462097167969 -9.50039005279541 -9.08798313140869 -8.83193111419678 -8.35612201690674 -7.79538202285767 -7.3125171661377 -7.13966703414917
-7.27956485748291 -8.10293292999268 -8.32750701904297 -8.65621757507324 -8.97755908966064 -9.2759313583374 -10.2864999771118 -11.3294801712036 -12.1930704116821 -11.8094797134399 -11.7943096160889 -11.8051900863647 -10.6659898757935 -10.5968103408813 -10.6866798400879 -10.2062501907349 -10.9770402908325 -11.4433898925781 -11.1152200698853 -11.0265398025513 -10.9808502197266 -11.0674600601196 -12.0391998291016 -12.4945602416992 -12.6201295852661 -12.6234102249146 -12.4731101989746 -12.3085498809814 -12.2173900604248 -12.1251602172852 -11.8695001602173 -11.3943099975586 -10.737979888916 -9.76419353485107 -8.62169933319092 -7.96831083297729 -8.29018592834473 -8.93959045410156 -9.12590980529785 -10.2660102844238 -10.9601202011108 -10.3542995452881 -10.2692604064941 -10.1762504577637 -9.93459701538086 -9.04483604431152 -8.64358329772949 -8.53662014007568 -8.03453254699707 -7.42594814300537 -6.77704381942749 -6.13854885101318
-7.82030820846558 -8.50056552886963 -9.42838954925537 -10.0089998245239 -10.6688404083252 -11.3342199325562 -12.0924196243286 -12.0956802368164 -11.1475400924683 -11.1884498596191 -11.3365802764893 -11.4127397537231 -10.2587699890137 -9.88438701629639 -9.51311874389648 -8.27485466003418 -9.83507061004639 -10.971170425415 -10.820369720459 -10.9786100387573 -11.2774095535278 -11.7822799682617 -12.4194002151489 -12.9684200286865 -13.3812398910522 -12.7496204376221 -12.3128900527954 -12.0464296340942 -11.6786699295044 -13.0449895858765 -13.4963598251343 -12.5041599273682 -11.0295000076294 -9.50969696044922 -8.00490379333496 -7.21319580078125 -7.54719591140747 -8.51782703399658 -10.0029602050781 -10.5831203460693 -10.5454301834106 -9.57552433013916 -9.5641918182373 -9.29189872741699 -8.62935256958008 -8.04323768615723 -7.96750688552856 -8.11373424530029 -7.26786708831787 -6.40152788162231 -5.613196849823 -5.0052638053894
-7.7245078086853 -7.94684600830078 -8.08660984039307 -8.60597324371338 -9.25874805450439 -9.95718193054199 -10.1688604354858 -10.3536396026611 -10.4805002212524 -9.80424308776855 -9.71444034576416 -9.82242965698242 -9.01770114898682 -8.42881870269775 -7.95247983932495 -7.564208984375 -8.12640476226807 -8.86023712158203 -9.45922660827637 -8.63723659515381 -9.11341953277588 -10.7273902893066 -11.1672201156616 -11.279239654541 -11.1235704421997 -10.5253095626831 -10.1396703720093 -10.1072397232056 -10.6923303604126 -11.953049659729 -12.2166500091553 -11.10315990448 -10.4273099899292 -8.83426475524902 -6.79844999313354 -6.70152711868286 -7.49878692626953 -8.62338066101074 -9.48887252807617 -9.73151588439941 -9.5880880355835 -9.03106498718262 -8.32383346557617 -7.67163515090942 -7.15739297866821 -7.11789703369141 -7.07739686965942 -6.8354811668396 -5.72302007675171 -5.01704502105713 -4.49829483032227 -4.01826810836792
-7.57990407943726 -8.05755805969238 -8.35304546356201 -8.96233940124512 -9.59143543243408 -10.1054201126099 -10.2040300369263 -10.2118997573853 -9.98852825164795 -8.12286472320557 -7.79088592529297 -8.2507963180542 -7.63327980041504 -6.7977237701416 -6.19749212265015 -6.36522197723389 -6.66985988616943 -7.05511617660522 -7.44643402099609 -6.78492784500122 -7.41196918487549 -9.11355590820312 -9.51132488250732 -9.56587219238281 -9.42368984222412 -9.12683486938477 -8.82354068756104 -8.89373874664307 -9.76387214660645 -10.9352703094482 -10.8856401443481 -9.32969570159912 -9.04989433288574 -7.7499737739563 -5.90644693374634 -6.2453818321228 -7.22402906417847 -8.22873592376709 -8.42257881164551 -8.27014541625977 -7.98200798034668 -7.58884286880493 -6.56455421447754 -5.86839294433594 -5.71159791946411 -6.10564613342285 -5.96113586425781 -5.33905792236328 -4.37104082107544 -3.92650198936462 -3.69003796577454 -3.42209100723267
-7.72937202453613 -8.97637939453125 -10.3652801513672 -11.2157697677612 -11.802960395813 -11.9443101882935 -12.3838901519775 -11.6889200210571 -9.71169376373291 -6.42565202713013 -5.91711616516113 -6.77355098724365 -6.14867687225342 -5.14830684661865 -4.39788198471069 -4.67784595489502 -5.54637622833252 -5.77767086029053 -4.88478088378906 -5.76741886138916 -6.51989507675171 -7.13287591934204 -7.70105123519897 -8.12883567810059 -8.48485469818115 -8.6819543838501 -8.47913646697998 -8.49173545837402 -8.97601795196533 -10.1290502548218 -9.74779224395752 -7.25417518615723 -7.05053377151489 -6.32190895080566 -5.37121820449829 -5.86529397964478 -6.67855501174927 -7.32118988037109 -7.00786685943604 -6.49903392791748 -5.89480876922607 -5.35101699829102 -4.51243305206299 -4.10415410995483 -4.31229209899902 -4.96263408660889 -4.64620494842529 -3.71918892860413 -3.3491849899292 -3.22645592689514 -3.19842410087585 -3.20626997947693
