Variables/MIS5a/mprec.asc
NCOLS 258 
NROWS 132 
XLLCORNER -10.933275447 
YLLCORNER 36.059072361 
CELLSIZE 0.11561 
NODATA_value -9999 
[rows 46 to 68 of 132, columns 104 to 155 of 258]
784.138610839844 797.253173828125 803.157775878906 809.625915527344 812.504577636719 803.409118652344 783.980285644531 766.385620117188 756.793823242188 760.618408203125 762.572875976562 760.660400390625 756.947326660156 755.544677734375 756.908020019531 764.133117675781 761.673522949219 752.157470703125 734.186401367188 732.107971191406 740.52978515625 760.046997070312 780.988098144531 783.38623046875 768.937805175781 758.186584472656 758.172973632812 762.992980957031 763.101623535156 758.802124023438 746.646911621094 720.997619628906 722.468383789062 737.543579101562 764.537780761719 795.436584472656 833.572326660156 874.209106445312 893.182983398438 890.980407714844 881.190612792969 881.032470703125 880.793701171875 902.035827636719 965.243713378906 1031.91394042969 1065.28100585938 1068.75 1186.2919921875 1391.67700195312 1599.61499023438 1502.68798828125
795.247924804688 802.498779296875 809.918212890625 818.966796875 825.363891601562 821.434875488281 807.785583496094 796.634582519531 794.400024414062 797.387573242188 794.107177734375 782.90087890625 767.540405273438 766.080322265625 774.181884765625 783.57568359375 771.442321777344 753.038024902344 739.96728515625 741.260925292969 749.090087890625 763.516723632812 799.081726074219 801.317077636719 772.773986816406 761.416015625 758.457702636719 759.836975097656 761.669982910156 760.083923339844 750.192993164062 725.270324707031 718.347290039062 728.173278808594 756.015808105469 791.368103027344 825.160705566406 855.971313476562 880.687072753906 878.996276855469 870.536804199219 883.25732421875 902.861206054688 935.518981933594 989.831115722656 1044.8349609375 1088.07495117188 1132.3759765625 1316.13098144531 1480.55004882812 1584.18701171875 1498.86096191406
804.702514648438 805.213684082031 819.834411621094 830.04052734375 836.293823242188 836.632019042969 832.150573730469 832.963012695312 844.52587890625 843.351013183594 833.185729980469 813.676696777344 785.169311523438 786.92822265625 805.335083007812 810.535888671875 783.676574707031 754.334594726562 750.036071777344 755.135192871094 762.875915527344 771.945617675781 817.310729980469 821.665222167969 786.292724609375 761.010620117188 752.633422851562 754.303894042969 758.963073730469 764.208374023438 758.729614257812 728.843994140625 712.619018554688 717.632080078125 748.166320800781 791.056884765625 819.668701171875 836.715881347656 865.966979980469 870.27392578125 867.868103027344 886.711975097656 929.693176269531 965.80126953125 974.242614746094 1010.76098632812 1076.15795898438 1180.06994628906 1436.9150390625 1521.791015625 1466.20104980469 1324.4560546875
817.539916992188 822.531799316406 833.609924316406 842.2490234375 847.796508789062 847.060485839844 851.245727539062 859.316284179688 871.436218261719 858.216369628906 846.170288085938 836.54150390625 807.473815917969 822.852172851562 858.26708984375 844.328979492188 796.614013671875 753.610412597656 755.80908203125 758.214904785156 771.5927734375 800.806579589844 812.244079589844 832.020690917969 851.849670410156 786.104187011719 755.743713378906 749.826721191406 758.066772460938 762.515014648438 756.419982910156 730.214416503906 719.178771972656 727.443298339844 758.335388183594 800.485473632812 835.548278808594 860.364624023438 857.751281738281 869.723876953125 887.794921875 901.252807617188 936.169677734375 951.677429199219 919.725830078125 1011.76000976562 1115.03295898438 1212.32397460938 1291.67102050781 1387.75805664062 1468.61303710938 1388.80505371094
808.210388183594 819.324401855469 831.777587890625 840.914306640625 847.95751953125 853.198425292969 856.059020996094 859.963623046875 866.0546875 860.506774902344 855.033203125 849.506286621094 828.398010253906 832.901672363281 852.425720214844 860.937194824219 819.95068359375 773.355590820312 760.922485351562 762.000671386719 781.401489257812 820.428405761719 810.749328613281 823.194274902344 849.643371582031 793.443786621094 764.025390625 756.241027832031 763.146728515625 768.026428222656 760.963989257812 730.314270019531 724.698120117188 738.435485839844 772.397521972656 820.871215820312 857.34228515625 877.830871582031 871.344909667969 886.397827148438 912.000427246094 934.535522460938 947.148315429688 963.993286132812 998.847412109375 1122.61596679688 1208.65197753906 1240.7080078125 1342.49694824219 1417.38098144531 1459.01501464844 1454.71997070312
790.37890625 804.383728027344 815.290283203125 827.564208984375 840.535522460938 853.717529296875 855.688781738281 855.785583496094 857.260803222656 861.090393066406 862.550476074219 861.082824707031 857.88232421875 850.459716796875 845.827880859375 869.376220703125 837.741027832031 792.252624511719 765.274719238281 765.023376464844 785.81201171875 828.469421386719 814.827514648438 815.418884277344 828.067077636719 788.885681152344 770.007690429688 767.098510742188 779.709228515625 778.614074707031 763.809326171875 729.336181640625 728.182312011719 747.495910644531 787.261413574219 840.914672851562 875.197875976562 889.974914550781 886.597778320312 903.084777832031 930.936828613281 962.811584472656 1007.11499023438 1054.03601074219 1100.61303710938 1214.248046875 1285.31701660156 1303.23596191406 1418.70300292969 1448.84997558594 1426.88793945312 1481.77600097656
771.352783203125 779.075622558594 777.069091796875 797.632385253906 824.531921386719 844.093383789062 854.95947265625 862.075073242188 865.7744140625 867.975402832031 870.051696777344 873.72021484375 909.09228515625 909.021179199219 886.771118164062 872.709899902344 833.106323242188 791.448425292969 770.17626953125 766.046875 776.360290527344 805.484619140625 828.526184082031 826.095825195312 800.612487792969 771.443420410156 767.021301269531 780.65087890625 818.794921875 794.481506347656 756.54638671875 730.8583984375 727.592590332031 750.729309082031 803.927185058594 850.261779785156 878.671020507812 889.386901855469 887.562194824219 905.701782226562 933.218322753906 962.094116210938 1178.1259765625 1307.59094238281 1156.55603027344 1170.18505859375 1276.28698730469 1470.88403320312 1383.23706054688 1339.45104980469 1341.93896484375 1412.29504394531
753.852783203125 763.030822753906 774.302001953125 791.593811035156 812.36669921875 835.434204101562 846.879577636719 855.817626953125 865.2578125 869.829711914062 875.997375488281 888.948974609375 938.846313476562 961.954711914062 952.945983886719 885.296081542969 834.228271484375 804.103088378906 809.78662109375 791.2041015625 782.965881347656 798.2490234375 815.198974609375 806.352722167969 779.108520507812 791.555114746094 799.9052734375 806.185607910156 817.938720703125 787.6259765625 751.474975585938 733.731872558594 718.286315917969 737.478088378906 799.32421875 837.66650390625 884.481872558594 935.146789550781 955.532470703125 939.6328125 944.885925292969 1077.82299804688 1220.67700195312 1341.64404296875 1410.94799804688 1391.93005371094 1408.27905273438 1462.99499511719 1330 1243.46899414062 1201.80200195312 1161.02404785156
739.254028320312 751.772216796875 772.844299316406 787.080322265625 800.570373535156 821.342224121094 834.973571777344 848.117370605469 863.069580078125 869.681579589844 877.67041015625 891.319885253906 935.443298339844 968.090515136719 974.076721191406 892.621398925781 842.210327148438 820.32080078125 840.090087890625 830.942993164062 817.820983886719 808.242980957031 812.891723632812 799.388488769531 775.946411132812 817.613708496094 830.299621582031 822.072570800781 801.443298339844 769.863891601562 742.905883789062 733.758728027344 713.05517578125 733.759094238281 808.959594726562 852.245971679688 917.415710449219 993.806884765625 1010.35198974609 969.559387207031 958.114318847656 1140.14001464844 1242.75305175781 1371.73901367188 1587.65600585938 1559.74499511719 1491.67297363281 1412.05505371094 1269.39404296875 1201.38305664062 1171.52197265625 1039.708984375
729.207214355469 744.792114257812 764.500671386719 778.582214355469 789.130126953125 799.703979492188 821.506286621094 842.280029296875 860.779113769531 868.120788574219 873.778625488281 878.594970703125 891.812622070312 911.191284179688 923.658020019531 891.706176757812 861.235412597656 839.935180664062 848.306884765625 881.1630859375 884.947326660156 836.64501953125 833.094299316406 818.432800292969 797.257080078125 840.976501464844 843.973022460938 820.881591796875 772.447021484375 744.471008300781 728.905883789062 729.890502929688 716.371276855469 748.814697265625 843.979919433594 905.955810546875 979.368896484375 1058.13696289062 1026.33703613281 984.0654296875 973.872619628906 1098.31701660156 1261.35498046875 1438.251953125 1611.80798339844 1563.41296386719 1463.25903320312 1307.61901855469 1206.63098144531 1229.67004394531 1313.55505371094 1147.02502441406
730.132690429688 735.794677734375 762.324279785156 781.32177734375 796.43017578125 810.673583984375 829.846313476562 847.124084472656 858.826416015625 866.826477050781 871.496704101562 872.9345703125 872.433471679688 883.634216308594 903.277893066406 926.316589355469 916.099670410156 895.926086425781 883.037475585938 889.177673339844 890.458984375 877.160217285156 841.235900878906 824.201721191406 828.207092285156 841.201782226562 825.598571777344 792.44091796875 754.708679199219 735.085205078125 717.640502929688 693.020080566406 722.223083496094 772.795288085938 836.443969726562 873.677001953125 919.258117675781 969.672973632812 994.593872070312 992.6845703125 994.68310546875 1053.64697265625 1130.07397460938 1227.14196777344 1353.083984375 1429.67504882812 1389.58898925781 1232.71899414062 1198.35803222656 1220.1240234375 1254.85900878906 1178.27197265625
733.690612792969 738.619079589844 764.57421875 784.4345703125 799.769714355469 810.431823730469 823.4453125 835.178283691406 843.778869628906 854.573303222656 862.799621582031 866.995788574219 862.463073730469 864.026489257812 876.902099609375 921.929626464844 936.913330078125 928.417114257812 890.014221191406 877.849975585938 876.672180175781 881.572387695312 853.63671875 836.024475097656 830.952697753906 821.81591796875 792.761474609375 754.630920410156 724.622375488281 719.358093261719 707.756286621094 666.918029785156 723.353576660156 786.017517089844 831.447570800781 856.032409667969 884.821472167969 920.023376464844 962.772583007812 980.013122558594 991.586975097656 1027.36303710938 1030.78894042969 1061.85095214844 1164.5009765625 1262.57800292969 1265.70495605469 1169.97802734375 1194.14404296875 1241.30395507812 1274.22204589844 1183.80603027344
737.48388671875 750.124816894531 768.728515625 784.424682617188 796.574584960938 798.503295898438 804.007019042969 811.35107421875 820.579284667969 837.299682617188 851.125915527344 862.336975097656 858.919372558594 850.156311035156 844.673522949219 880.130615234375 915.547180175781 927.496215820312 868.0576171875 851.719970703125 849.134216308594 854.161987304688 865.588684082031 848.85009765625 807.833679199219 785.129577636719 749.437072753906 709.921508789062 685.347106933594 696.567687988281 697.195190429688 648.937316894531 720.526611328125 788.369995117188 828.49462890625 856.149597167969 880.057678222656 903.491577148438 931.997314453125 944.237182617188 960.002319335938 1007.87298583984 972.623474121094 963.916870117188 1046.08703613281 1097.5849609375 1125.02697753906 1129.48706054688 1187.56701660156 1273.67297363281 1350.90502929688 1167.78100585938
734.495178222656 746.992126464844 760.752502441406 769.961120605469 777.246215820312 784.924499511719 797.615600585938 814.888122558594 837.686828613281 850.426391601562 858.145629882812 860.99462890625 855.586669921875 845.804626464844 835.118286132812 832.855224609375 841.581420898438 844.605285644531 822.400085449219 814.677917480469 810.11279296875 807.741882324219 842.54052734375 825.740905761719 762.255126953125 735.986389160156 701.0673828125 668.167297363281 666.424072265625 674.357177734375 673.610412597656 648.313903808594 720.573120117188 786.533386230469 821.611328125 839.095886230469 848.0625 854.419799804688 883.745300292969 878.294616699219 867.631469726562 899.581176757812 903.4404296875 916.240417480469 962.664184570312 1053.39099121094 1144.18505859375 1217.86804199219 1170.96594238281 1182.29296875 1217.17504882812 1120.84094238281
721.879821777344 731.326416015625 743.251586914062 752.358703613281 762.417297363281 779.262512207031 796.584777832031 817.383483886719 843.130981445312 853.355529785156 857.055786132812 855.732116699219 850.869201660156 846.314575195312 841.546508789062 834.161987304688 821.010925292969 807.772277832031 800.013977050781 797.197204589844 789.471801757812 774.654113769531 787.216491699219 769.402770996094 723.433227539062 698.7841796875 670.295288085938 647.143676757812 655.302978515625 646.122375488281 633.739624023438 629.699523925781 694.335876464844 758.73681640625 803.004821777344 817.54638671875 828.959594726562 841.772827148438 863.45068359375 849.564025878906 826.327880859375 832.166015625 868.556091308594 915.291320800781 966.301879882812 1043.64904785156 1136.29797363281 1228.33203125 1194.23901367188 1157.51293945312 1125.53295898438 1089.92504882812
698.799621582031 704.372619628906 717.156005859375 730.960388183594 748.91357421875 777.495727539062 795.624816894531 814.6708984375 838.964721679688 847.777709960938 850.82958984375 848.974304199219 844.224304199219 843.609497070312 845.644470214844 844.768676757812 818.678100585938 791.420104980469 782.987487792969 785.475524902344 778.309814453125 753.003784179688 728.174499511719 707.450012207031 689.909301757812 667.939270019531 649.868530273438 638.830993652344 647.930419921875 622.468017578125 598.882385253906 606.194702148438 658.412414550781 718.536376953125 778.643005371094 796.822326660156 820.208984375 847.596618652344 858.512084960938 844.951171875 819.560485839844 796.81689453125 847.534729003906 917.166625976562 983.231994628906 1032.4150390625 1101.06298828125 1189.10302734375 1196.50805664062 1137.71899414062 1048.96594238281 1047.291015625
656.749084472656 661.338928222656 677.834411621094 701.107971191406 731.228881835938 774.366027832031 785.973571777344 796.457580566406 817.522583007812 833.801086425781 843.18212890625 844.742614746094 833.295593261719 821.375 808.843017578125 793.657287597656 775.457092285156 756.69677734375 739.988525390625 756.211120605469 764.997985839844 752.766174316406 715.239990234375 686.017272949219 665.365783691406 636.229614257812 632.066223144531 640.013488769531 638.955383300781 625.92431640625 613.849609375 611.703674316406 638.413818359375 683.6533203125 746.440490722656 786.512573242188 821.3203125 849.783630371094 853.959716796875 851.792724609375 839.249084472656 799.387878417969 809.827819824219 839.939514160156 882.61669921875 960.566223144531 1030.95300292969 1082.45300292969 1045.04602050781 999.5341796875 954.025024414062 929.032470703125
658.067321777344 651.137573242188 667.002075195312 694.119812011719 726.507873535156 760.1845703125 769.449523925781 777.128723144531 792.927978515625 809.671813964844 824.355529785156 833.868591308594 819.696472167969 801.887023925781 782.402404785156 761.0927734375 742.835205078125 728.477294921875 721.402282714844 726.796020507812 728.303283691406 718.592895507812 690.060913085938 665.164611816406 644.705871582031 616.838012695312 609.393920898438 612.278381347656 609.602783203125 603.150085449219 602.132080078125 615.892211914062 634.68408203125 671.44091796875 729.296081542969 774.5595703125 805.527282714844 821.452209472656 813.371704101562 809.851989746094 805.820007324219 791.13720703125 797.753173828125 824.207885742188 877.59130859375 937.850830078125 972.494201660156 970.169921875 917.525573730469 866.954406738281 826.07177734375 810.702575683594
673.901428222656 655.32373046875 668.897521972656 693.68017578125 720.988220214844 741.153686523438 753.443115234375 764.267822265625 775.901184082031 790.890502929688 806.7333984375 820.500305175781 806.35888671875 786.983825683594 764.203430175781 737.293273925781 718.562072753906 707.916320800781 709.983825683594 704.143371582031 694.934814453125 682.765319824219 665.839721679688 645.780883789062 623.219116210938 600.473022460938 589.089721679688 584.961303710938 584.240295410156 586.632019042969 597.359619140625 623.962585449219 645.089721679688 678.377319335938 728.061584472656 766.515380859375 788.726806640625 795.130187988281 781.608520507812 773.408020019531 771.959594726562 783.575500488281 793.588623046875 821.202575683594 883.175720214844 912.140014648438 911.186096191406 879.144714355469 833.774780273438 789.722473144531 751.699401855469 738.899475097656
691.770812988281 670.945922851562 679.138305664062 692.243591308594 706.349792480469 717.272583007812 743.375 764.883117675781 775.817687988281 788.207580566406 797.811218261719 802.867614746094 795.023498535156 779.052612304688 756.124084472656 719.949584960938 704.107788085938 698.634887695312 700.136413574219 693.349975585938 681.032287597656 659.754821777344 650.28662109375 628.611877441406 595.972229003906 582.942626953125 577.040588378906 575.300598144531 578.990173339844 598.452514648438 621.815490722656 641.4912109375 672.176086425781 708.205383300781 747.916320800781 766.238708496094 779.706176757812 787.588195800781 788.630187988281 777.935913085938 768.546997070312 784.784118652344 788.935729980469 806.617126464844 856.589721679688 849.897216796875 837.228515625 823.293029785156 821.214294433594 815.157104492188 806.608581542969 758.551391601562
699.518188476562 690.102478027344 685.381713867188 692.961181640625 708.621826171875 732.203796386719 751.509582519531 762.487670898438 761.208923339844 766.07958984375 775.472595214844 786.657409667969 779.37548828125 761.531677246094 736.117492675781 703.919189453125 688.764282226562 679.781127929688 669.508422851562 641.373474121094 624.008728027344 627.304077148438 611.650573730469 596.974670410156 585.227294921875 580.171569824219 579.053894042969 579.214721679688 584.880187988281 600.750915527344 617.948974609375 630.906616210938 654.940185546875 679.231384277344 701.796081542969 732.216003417969 756.234008789062 773.220275878906 783.921325683594 782.956481933594 778.327575683594 780.646179199219 774.960815429688 773.63232421875 784.435302734375 775.551574707031 766.432800292969 760.771423339844 756.031982421875 743.647277832031 720.466125488281 682.581298828125
700.86328125 696.029418945312 686.685607910156 691.701477050781 707.953430175781 738.598571777344 750.4130859375 755.869873046875 758.225280761719 758.340393066406 759.075988769531 759.435424804688 747.332702636719 730.299926757812 708.935485839844 679.994995117188 656.2470703125 637.1923828125 624.733581542969 594.074096679688 580.891418457031 597.515625 579.767395019531 578.820373535156 -9999 -9999 581.137878417969 582.0830078125 583.575927734375 587.792724609375 599.140319824219 609.488403320312 626.260620117188 637.424926757812 650.376403808594 684.666381835938 719.564514160156 751.148010253906 767.971801757812 775.750427246094 775.557922363281 763.227172851562 749.7529296875 736.671691894531 724.699890136719 705.139587402344 695.640625 698.2041015625 688.265319824219 669.509216308594 -9999 -9999
698.729125976562 687.546508789062 684.547729492188 689.610717773438 701.836669921875 729.119812011719 734.443420410156 743.195983886719 770.982421875 763.863891601562 746.204406738281 716.20751953125 693.987121582031 681.109313964844 672.863403320312 644.418701171875 604.408813476562 570.703674316406 567.103881835938 561.607727050781 563.440490722656 574.867370605469 -9999 -9999 -9999 -9999 -9999 -9999 -9999 -9999 582.297485351562 581.372375488281 589.506225585938 -9999 601.397705078125 628.244873046875 668.565673828125 721.021179199219 739.4169921875 752.440490722656 755.793518066406 732.955627441406 717.151184082031 700.739013671875 685.70947265625 649.488708496094 631.29541015625 640.006896972656 -9999 -9999 -9999 -9999
