Variables/MIS5a/mprec.asc
NCOLS 258 
NROWS 132 
XLLCORNER -10.933275447 
YLLCORNER 36.059072361 
CELLSIZE 0.11561 
NODATA_value -9999 
[rows 92 to 114 of 132, columns 0 to 51 of 258]
-9999 -9999 -9999 -9999 -9999 -9999 -9999 -9999 -9999 -9999 -9999 -9999 -9999 -9999 -9999 -9999 -9999 -9999 988.802124023438 976.128112792969 986.947570800781 1052.65405273438 1140.13598632812 1204.59094238281 1181.17395019531 1143.34497070312 1099.18701171875 1048.51098632812 967.8046875 911.523315429688 884.841796875 874.079772949219 872.935913085938 874.441223144531 864.526000976562 865.9130859375 865.667114257812 852.257385253906 858.237182617188 878.082275390625 910.106201171875 915.688293457031 915.593811035156 912.215026855469 904.415100097656 890.906372070312 877.895385742188 877.508605957031 875.731628417969 878.363586425781 889.771179199219 869.536376953125
-9999 -9999 -9999 -9999 -9999 -9999 -9999 -9999 -9999 -9999 -9999 -9999 -9999 -9999 -9999 -9999 -9999 -9999 972.746887207031 966.107482910156 983.409912109375 1021.62200927734 1105.03601074219 1173.2900390625 1148.47595214844 1114.36596679688 1077.6689453125 1040.40795898438 1006.33099365234 956.298095703125 894.875122070312 870.471618652344 871.01611328125 880.857971191406 871.833312988281 868.214416503906 863.676574707031 852.656921386719 862.947998046875 884.996887207031 914.673278808594 907.423522949219 901.454284667969 902.268920898438 918.374877929688 919.62548828125 915.926879882812 924.506774902344 941.165283203125 954.056823730469 953.545471191406 926.881225585938
-9999 -9999 -9999 -9999 -9999 -9999 -9999 -9999 -9999 -9999 -9999 -9999 -9999 -9999 -9999 -9999 -9999 986.082092285156 955.940185546875 956.982727050781 990.490173339844 1027.99194335938 1082.36804199219 1120.35595703125 1095.78894042969 1078.001953125 1056.06896972656 1030.64904785156 1065.12097167969 1023.333984375 908.572204589844 866.004516601562 857.836486816406 869.093505859375 877.986511230469 873.257873535156 866.539184570312 865.552185058594 872.704223632812 882.247924804688 889.572875976562 862.32421875 856.591674804688 872.58642578125 939.926513671875 965.416015625 966.932678222656 973.857177734375 1011.35699462891 1035.48400878906 1015.28399658203 981.378295898438
-9999 -9999 -9999 -9999 -9999 -9999 -9999 -9999 -9999 -9999 -9999 -9999 -9999 -9999 -9999 -9999 -9999 976.530883789062 934.012878417969 947.382873535156 981.140319824219 1020.78399658203 1068.77294921875 1102.98803710938 1089.49194335938 1079.82995605469 1058.71105957031 1019.52197265625 1021.64801025391 982.023681640625 901.098205566406 859.390380859375 849.751220703125 858.50537109375 867.052490234375 869.687377929688 864.246887207031 845.01123046875 840.659912109375 842.9697265625 850.016174316406 844.166809082031 855.280822753906 891.433776855469 998.7216796875 1052.82495117188 1068.31494140625 1051.21496582031 1052.93603515625 1023.96002197266 923.095581054688 878.707885742188
-9999 -9999 -9999 -9999 -9999 -9999 -9999 -9999 -9999 -9999 -9999 -9999 -9999 -9999 -9999 -9999 -9999 962.344177246094 916.581787109375 931.552124023438 978.200012207031 1043.46899414062 1094.50500488281 1122.41003417969 1103.09594726562 1078.99597167969 1045.89501953125 1001.38397216797 976.710815429688 939.155029296875 888.008972167969 849.765991210938 837.852783203125 841.097229003906 843.295593261719 842.402282714844 834.619018554688 813.848876953125 813.55126953125 817.007202148438 820.154174804688 828.279418945312 843.379577636719 870.612915039062 939.176086425781 970.056213378906 972.67431640625 951.460021972656 933.720581054688 898.491088867188 827.438415527344 796.215270996094
-9999 -9999 -9999 -9999 -9999 -9999 -9999 -9999 -9999 -9999 -9999 -9999 -9999 -9999 -9999 -9999 -9999 940.662475585938 896.403503417969 922.607604980469 986.279113769531 1075.63500976562 1127.40002441406 1147.59204101562 1118.50598144531 1072.18395996094 1024.78295898438 980.7421875 936.422729492188 898.267578125 866.144287109375 830.855224609375 816.451477050781 814.694519042969 809.803527832031 802.314086914062 792.180419921875 777.979797363281 788.484802246094 797.009216308594 797.253784179688 813.208679199219 823.050170898438 826.893371582031 830.069580078125 821.801513671875 805.147583007812 790.651000976562 768.810729980469 748.340515136719 743.476501464844 737.567077636719
-9999 -9999 -9999 -9999 -9999 -9999 -9999 -9999 -9999 -9999 -9999 -9999 -9999 -9999 -9999 -9999 -9999 907.053527832031 901.167175292969 951.096618652344 1028.54504394531 1081.67004394531 1110.40698242188 1119.08996582031 1098.91796875 1052.47595214844 1005.38598632812 965.336608886719 907.688903808594 858.412719726562 819.085876464844 782.468322753906 768.528015136719 767.552124023438 764.65771484375 761.285095214844 756.843688964844 750.674682617188 757.289611816406 769.765075683594 787.238098144531 798.757385253906 796.640075683594 783.795227050781 777.483215332031 772.905822753906 768.395385742188 763.281127929688 749.733093261719 734.194580078125 720.185913085938 712.106384277344
-9999 -9999 -9999 -9999 -9999 -9999 -9999 -9999 -9999 -9999 -9999 -9999 -9999 -9999 -9999 -9999 957.625427246094 922.996215820312 941.915283203125 989.600402832031 1048.38500976562 1064.98498535156 1075.10705566406 1075.77001953125 1056.06396484375 1023.18701171875 980.620971679688 927.064025878906 866.976684570312 816.534973144531 777.799377441406 749.006286621094 737.613220214844 735.580688476562 730.410095214844 729.434814453125 728.517517089844 724.484069824219 734.172485351562 748.759826660156 765.499328613281 773.807189941406 774.929870605469 771.090393066406 769.752502441406 767.406311035156 763.812927246094 757.941589355469 744.029479980469 727.019409179688 709.172973632812 700.536071777344
-9999 -9999 -9999 -9999 -9999 -9999 -9999 -9999 -9999 -9999 -9999 -9999 -9999 -9999 -9999 -9999 942.993896484375 961.7216796875 997.804870605469 1031.43798828125 1054.63000488281 1028.94995117188 1028.92297363281 1031.48901367188 1011.53002929688 987.057983398438 946.335388183594 881.384887695312 824.464721679688 779.398986816406 746.534973144531 726.739624023438 717.087219238281 713.67041015625 712.0322265625 712.881469726562 713.0283203125 709.537170410156 720.634216308594 732.429382324219 741.397216796875 748.318969726562 756.517028808594 765.326171875 769.327819824219 767.706970214844 762.739074707031 756.427307128906 740.477600097656 721.859619140625 703.924194335938 698.359497070312
-9999 -9999 -9999 -9999 -9999 -9999 -9999 -9999 -9999 -9999 -9999 -9999 -9999 -9999 -9999 978.744201660156 980.671325683594 1022.43103027344 1066.6650390625 1069.74096679688 1041.46301269531 967.102172851562 971.973999023438 993.97021484375 976.451416015625 942.8408203125 896.186218261719 832.331420898438 786.876586914062 754.391418457031 733.984191894531 718.918823242188 708.35302734375 702.976623535156 719.887573242188 721.841125488281 719.62060546875 718.904113769531 721.218200683594 721.922729492188 717.419311523438 728.868286132812 742.427612304688 755.990173339844 756.307800292969 753.000915527344 748.851928710938 748.8095703125 733.39892578125 716.471374511719 704.166320800781 706.909729003906
-9999 -9999 -9999 -9999 -9999 -9999 -9999 -9999 -9999 -9999 -9999 -9999 -9999 -9999 1012.02398681641 977.173583984375 980.7802734375 1019.67297363281 1023.19299316406 996.391906738281 952.86962890625 922.322998046875 925.358703613281 933.494079589844 917.920715332031 900.266784667969 869.157592773438 818.133972167969 782.264221191406 759.263793945312 746.906311035156 733.874084472656 732.190307617188 735.434509277344 730.530029296875 722.367370605469 712.653381347656 702.320495605469 706.298095703125 712.492980957031 718.080505371094 728.52587890625 742.039916992188 754.467224121094 745.820617675781 739.365783691406 734.751403808594 730.645324707031 715.743530273438 704.452880859375 707.169189453125 712.089294433594
-9999 -9999 -9999 -9999 -9999 -9999 -9999 -9999 -9999 -9999 -9999 -9999 -9999 1046.58703613281 1000.01202392578 971.211486816406 966.771118164062 980.436584472656 950.388916015625 912.693969726562 880.182983398438 892.0380859375 900.703002929688 901.227722167969 883.776489257812 874.210510253906 851.257202148438 804.868774414062 775.183776855469 760.226928710938 757.089172363281 748.08642578125 745.531311035156 744.049621582031 729.624084472656 718.091674804688 707.660217285156 697.4970703125 700.804809570312 710.098022460938 723.778381347656 733.215393066406 741.940612792969 747.471923828125 732.891174316406 723.824279785156 718.663513183594 715.42431640625 706.793579101562 702.368408203125 709.573181152344 713.352172851562
-9999 -9999 -9999 -9999 -9999 -9999 -9999 -9999 -9999 -9999 -9999 -9999 -9999 1045.22302246094 985.414794921875 970.217102050781 946.745422363281 905.389892578125 867.584228515625 844.893493652344 838.500915527344 876.039184570312 898.490783691406 906.302124023438 882.688171386719 867.793273925781 840.3759765625 787.973083496094 758.581481933594 749.437622070312 760.339477539062 754.2802734375 736.784912109375 716.198974609375 713.215515136719 708.203918457031 706.207214355469 710.68310546875 707.94921875 714.339477539062 733.609680175781 737.509826660156 736.80322265625 731.008422851562 715.774780273438 705.545471191406 700.337524414062 705.369873046875 709.723510742188 712.629577636719 711.272583007812 710.234924316406
-9999 -9999 -9999 -9999 -9999 -9999 -9999 -9999 -9999 -9999 -9999 -9999 -9999 1041.77099609375 975.028503417969 962.2548828125 930.348083496094 871.669372558594 843.614685058594 828.7119140625 826.156677246094 846.925415039062 868.24951171875 879.947326660156 864.764770507812 854.799194335938 830.528076171875 782.083129882812 746.11279296875 731.031311035156 733.478820800781 722.506225585938 707.694580078125 692.835693359375 686.122009277344 682.943908691406 683.057312011719 687.886474609375 688.403686523438 693.925903320312 706.7919921875 707.630126953125 703.6796875 696.554321289062 689.111328125 685.923095703125 686.597717285156 692.919311523438 699.054870605469 703.911987304688 706.223876953125 704.806274414062
-9999 -9999 -9999 -9999 -9999 -9999 -9999 -9999 -9999 -9999 -9999 -9999 -9999 1042.55200195312 1009.56597900391 962.104125976562 901.035522460938 832.817626953125 815.775573730469 808.478698730469 807.907592773438 819.686279296875 836.718688964844 849.348876953125 844.124206542969 836.048828125 815.315002441406 775.619995117188 740.575073242188 720.937072753906 715.436828613281 706.590698242188 691.315612792969 674.346984863281 666.009826660156 662.877319335938 663.14892578125 667.054077148438 669.447509765625 673.966186523438 681.048217773438 677.326721191406 673.446411132812 671.071716308594 672.831909179688 672.385192871094 672.80078125 680.843383789062 688.0009765625 694.713012695312 700.80322265625 698.403015136719
-9999 -9999 -9999 -9999 -9999 -9999 -9999 -9999 -9999 -9999 -9999 -9999 -9999 1044.85803222656 1072.85595703125 963.867492675781 873.240295410156 795.957580566406 790.8154296875 788.972717285156 789.467590332031 800.390502929688 816.37109375 827.678527832031 830.976318359375 821.982482910156 801.200317382812 771.002380371094 741.021911621094 719.049072265625 705.579772949219 703.585021972656 685.812927246094 662.160400390625 656.25537109375 654.274475097656 652.716491699219 653.966613769531 658.493286132812 660.521484375 660.347778320312 656.08740234375 655.479614257812 657.755187988281 668.304504394531 666.918884277344 661.927185058594 671.035095214844 678.315673828125 685.446411132812 694.234985351562 690.378784179688
-9999 -9999 -9999 -9999 -9999 -9999 -9999 -9999 -9999 -9999 -9999 -9999 -9999 990.751586914062 1041.2900390625 973.490478515625 904.721984863281 842.492004394531 822.276916503906 811.094909667969 807.6240234375 820.234069824219 850.906494140625 879.532287597656 881.92919921875 855.444580078125 819.617980957031 778.878173828125 746.699584960938 724.504516601562 710.731201171875 691.667175292969 678.103088378906 670.927429199219 677.133178710938 680.30712890625 681.421569824219 680.297119140625 679.177490234375 675.170227050781 667.968200683594 677.268981933594 683.190979003906 684.78857421875 684.122375488281 679.466674804688 674.156311035156 674.307678222656 672.357604980469 671.884216308594 675.601501464844 676.597473144531
-9999 -9999 -9999 -9999 -9999 -9999 -9999 -9999 -9999 -9999 -9999 -9999 -9999 -9999 972.752685546875 993.011596679688 929.909423828125 872.106689453125 856.569580078125 846.065612792969 840.460998535156 851.6796875 886.482971191406 915.781494140625 903.314208984375 868.871215820312 825.74267578125 777.818176269531 743.568298339844 720.919616699219 707.490417480469 691.241027832031 691.564270019531 702.483215332031 715.351623535156 719.86376953125 719.377319335938 714.213928222656 704.845520019531 695.47900390625 688.484069824219 695.718322753906 699.688110351562 698.520385742188 691.361328125 684.715026855469 679.099487304688 675.547790527344 667.809387207031 662.932983398438 666.330871582031 667.289978027344
-9999 -9999 -9999 -9999 -9999 -9999 -9999 -9999 -9999 -9999 -9999 -9999 -9999 -9999 -9999 975.318298339844 958.807800292969 901.105773925781 886.893981933594 881.223876953125 875.015686035156 879.909118652344 908.045471191406 929.203125 902.900573730469 867.901672363281 824.851623535156 771.955627441406 737.373718261719 714.638488769531 702.624816894531 698.447021484375 713.640075683594 738.64892578125 755.331420898438 759.272827148438 756.369873046875 747.6669921875 730.459411621094 716.862976074219 710.443420410156 708.577575683594 706.04150390625 702.071411132812 692.391418457031 684.900573730469 679.139709472656 675.065185546875 665.851318359375 659.419372558594 661.798583984375 660.275512695312
-9999 -9999 -9999 -9999 -9999 -9999 -9999 -9999 -9999 -9999 -9999 -9999 -9999 -9999 -9999 -9999 -9999 -9999 908.597290039062 900.641906738281 896.864501953125 881.588684082031 887.784118652344 893.35107421875 873.333190917969 853.322082519531 820.681884765625 767.864685058594 734.589599609375 713.317016601562 703.879211425781 712.758178710938 731.879577636719 756.22998046875 775.762023925781 780.501403808594 777.451416015625 767.56591796875 750.107971191406 734.273498535156 722.123901367188 709.405883789062 699.037475585938 690.96728515625 686.823181152344 680.8046875 674.605529785156 671.964782714844 669.956726074219 666.288024902344 658.148498535156 653.698974609375
-9999 -9999 -9999 -9999 -9999 -9999 -9999 -9999 -9999 -9999 -9999 -9999 -9999 -9999 -9999 -9999 -9999 -9999 941.726501464844 924.892578125 918.124816894531 887.542419433594 873.443176269531 863.434814453125 845.409118652344 832.835388183594 810.634582519531 771.164611816406 735.086181640625 710.984680175781 701.805419921875 719.391418457031 740.897216796875 762.732116699219 780.33349609375 788.593811035156 788.482482910156 776.390319824219 755.537780761719 735.218994140625 718.581726074219 707.038391113281 696.130981445312 686.687316894531 686.024475097656 680.458129882812 672.793884277344 667.863708496094 662.324584960938 656.995727539062 652.475280761719 647.735412597656
-9999 -9999 -9999 -9999 -9999 -9999 -9999 -9999 -9999 -9999 -9999 -9999 -9999 -9999 -9999 -9999 -9999 -9999 977.3427734375 962.726379394531 961.340881347656 903.554504394531 870.231079101562 848.648376464844 831.125122070312 820.5166015625 801.372802734375 766.111572265625 729.350402832031 707.816772460938 704.168090820312 725.679992675781 747.439392089844 767.703308105469 783.359619140625 792.656616210938 792.840576171875 776.893371582031 751.129028320312 727.635620117188 710.309326171875 701.4208984375 692.083984375 683.012329101562 683.362670898438 678.015014648438 670.210327148438 665.216613769531 656.625427246094 650.115478515625 649.866577148438 645.103698730469
-9999 -9999 -9999 -9999 -9999 -9999 -9999 -9999 -9999 -9999 -9999 -9999 -9999 -9999 -9999 -9999 -9999 -9999 1005.65002441406 1019.84899902344 1042.59204101562 934.846496582031 883.809387207031 858.387817382812 840.959228515625 826.370971679688 796.947082519531 743.548217773438 712.535705566406 704.466796875 719.702514648438 734.604614257812 753.8095703125 774.465881347656 790.356323242188 795.122985839844 789.341186523438 766.536315917969 736.08642578125 712.710876464844 700.606872558594 691.762817382812 684.406616210938 678.459228515625 675.529296875 670.68017578125 665.390014648438 665.711120605469 659.590393066406 654.143127441406 653.843872070312 647.3330078125
