Variables/MIS5a/mprec.asc
NCOLS 258 
NROWS 132 
XLLCORNER -10.933275447 
YLLCORNER 36.059072361 
CELLSIZE 0.11561 
NODATA_value -9999 
[rows 0 to 22 of 132, columns 104 to 155 of 258]
512.817199707031 469.138488769531 334.007995605469 340.840393066406 -9999 -9999 -9999 228.593597412109 -9999 145.441192626953 -9999 119.530601501465 121.246200561523 111.878997802734 85.7413864135742 54.0852012634277 101.999702453613 325.351287841797 484.230895996094 477.043701171875 467.022094726562 460.380798339844 487.351287841797 577.1298828125 581.588073730469 580.268188476562 578.5546875 577.922485351562 577.184326171875 577.547485351562 578.416625976562 578.916687011719 578.283203125 577.800598144531 577.898071289062 580.566284179688 582.476318359375 584.569396972656 593.481628417969 595.520080566406 594.317687988281 594.084777832031 587.093017578125 579.976318359375 576.289184570312 574.90087890625 574.694580078125 576.355712890625 589.001770019531 607.865905761719 633.729125976562 675.885925292969
650.031005859375 651.809814453125 -9999 -9999 -9999 -9999 320.782806396484 251.660400390625 174.813995361328 99.5135269165039 55.6038513183594 93.8706436157227 143.048797607422 185.804306030273 242.866500854492 287.496612548828 444.034912109375 601.598815917969 604.221374511719 598.466674804688 591.063110351562 584.290405273438 583.044372558594 581.49072265625 579.218872070312 578.315979003906 575.493713378906 572.091674804688 570.791320800781 570.269775390625 570.022277832031 569.813415527344 569.477722167969 569.809814453125 571.247497558594 574.972778320312 578.761291503906 583.025512695312 590.845825195312 591.108276367188 587.893127441406 586.017211914062 581.583618164062 578.949523925781 581.234924316406 582.890808105469 581.764282226562 578.472778320312 584.310729980469 597.271728515625 619.804626464844 666.394226074219
-9999 -9999 -9999 -9999 -9999 -9999 421.078186035156 344.613311767578 250.456695556641 131.680099487305 111.241798400879 135.607604980469 460.798889160156 592.558227539062 590.364379882812 585.461608886719 586.156127929688 590.49609375 596.9833984375 596.547424316406 593.864074707031 589.803771972656 587.500305175781 585.020812988281 582.231384277344 579.420593261719 575.361572265625 571.188781738281 569.544982910156 567.554016113281 565.829895019531 565.006286621094 565.558776855469 566.614929199219 568.193298339844 572.252319335938 577.248718261719 582.755920410156 587.217224121094 585.567321777344 581.804382324219 581.440673828125 582.857971191406 586.226928710938 592.542175292969 594.990905761719 593.610778808594 588.341369628906 583.830688476562 586.161987304688 597.833618164062 635.109497070312
-9999 -9999 -9999 -9999 690.319885253906 675.993713378906 623.063293457031 575.749877929688 553.709716796875 533.390380859375 524.595886230469 530.533386230469 574.348327636719 591.864929199219 589.30712890625 582.53857421875 581.652099609375 583.811279296875 588.302185058594 591.111328125 593.044799804688 594.118896484375 597.12939453125 597.166625976562 593.9453125 584.552978515625 580.097290039062 577.991271972656 573.513916015625 571.649169921875 570.957824707031 571.549011230469 573.2177734375 573.333374023438 571.4052734375 573.131408691406 576.420288085938 580.885925292969 588.102111816406 590.413513183594 591.092529296875 596.684814453125 604.465209960938 609.679077148438 610.165710449219 607.477111816406 603.902770996094 600.422119140625 598.743774414062 592.222106933594 585.0546875 597.955871582031
-9999 -9999 -9999 708.169677734375 713.5009765625 706.531372070312 694.794311523438 679.824279785156 658.167724609375 631.621215820312 614.849792480469 608.859985351562 600.237182617188 594.332092285156 589.75048828125 582.57568359375 578.868225097656 577.830383300781 580.218872070312 583.246704101562 587.371826171875 592.827209472656 596.648681640625 596.753173828125 593.173095703125 586.611022949219 582.253723144531 580.575988769531 584.060180664062 581.881225585938 580.254028320312 583.923400878906 583.260498046875 582.107788085938 581.722717285156 585.138977050781 590.759521484375 597.716979980469 603.554321289062 609.607421875 618.004577636719 633.612670898438 643.116516113281 649.380981445312 652.528015136719 649.991516113281 642.154113769531 629.485473632812 620.021728515625 610.564270019531 600.500183105469 588.334716796875
-9999 693.145324707031 -9999 717.129699707031 724.267578125 713.548522949219 717.217712402344 713.41552734375 690.167175292969 654.840209960938 629.77587890625 617.024780273438 603.057678222656 593.838623046875 587.765502929688 581.705627441406 577.145629882812 574.508178710938 575.363525390625 577.549682617188 582.223327636719 590.025024414062 593.69482421875 594.275207519531 592.265686035156 589.277099609375 586.823974609375 587.162414550781 597.508605957031 597.087585449219 596.533020019531 603.414916992188 602.169372558594 600.788696289062 601.3466796875 605.946472167969 613.801818847656 623.144409179688 626.184875488281 635.975891113281 650.147277832031 667.310729980469 679.350830078125 688.152221679688 693.245422363281 692.427429199219 683.469299316406 666.200805664062 652.290588378906 637.687072753906 622.268127441406 605.988586425781
-9999 -9999 702.709716796875 716.07470703125 732.656982421875 729.1591796875 731.636413574219 729.966003417969 715.167297363281 674.660888671875 644.642883300781 623.671875 601.592529296875 588.607971191406 581.345397949219 578.574523925781 576.444519042969 575.13427734375 575.415771484375 576.242309570312 579.769287109375 586.926696777344 590.767883300781 593.361694335938 594.978088378906 593.966369628906 596.424926757812 601.829895019531 613.140686035156 617.269409179688 621.988525390625 632.009704589844 633.242370605469 633.687622070312 633.614379882812 636.610473632812 644.809326171875 656.101623535156 654.930603027344 667.711486816406 684.409423828125 688.2119140625 704.193115234375 718.540283203125 722.262573242188 721.704528808594 717.818176269531 709.560729980469 698.30859375 673.772216796875 644.404418945312 656.404479980469
653.010681152344 -9999 698.170227050781 708.501708984375 713.545715332031 712.679382324219 707.065124511719 699.111206054688 687.790771484375 665.70947265625 651.658874511719 645.474487304688 619.794616699219 602.380310058594 591.487670898438 582.101318359375 577.198608398438 574.538024902344 573.337219238281 575.218383789062 579.721130371094 587.043884277344 591.889770507812 594.71142578125 595.9951171875 597.837707519531 609.183471679688 622.925476074219 624.9921875 628.369018554688 634.339782714844 644.739074707031 646.9873046875 651.00048828125 659.210388183594 666.626586914062 673.189025878906 678.400085449219 679.343322753906 691.010070800781 704.994323730469 708.418395996094 713.484375 718.008483886719 720.520385742188 722.0595703125 721.838500976562 719.531127929688 715.339111328125 704.261779785156 688.938903808594 677.045227050781
-9999 676.215515136719 691.556030273438 696.996826171875 691.285827636719 689.649475097656 681.896179199219 673.455688476562 664.877807617188 652.427978515625 647.909729003906 649.861511230469 629.659729003906 611.635375976562 596.723022460938 585.316223144531 580.056213378906 578.207885742188 579.224914550781 582.468994140625 587.969787597656 596.202270507812 605.166015625 611.414978027344 615.240173339844 620.289428710938 633.7158203125 647.959411621094 646.968017578125 648.839599609375 652.542907714844 657.941284179688 659.441284179688 665.479797363281 678.101684570312 687.136108398438 692.701171875 696.774719238281 707.685791015625 719.875915527344 729.397888183594 728.315612792969 725.482116699219 721.549682617188 716.613586425781 716.462585449219 717.302673339844 718.283813476562 717.729614257812 713.964172363281 705.385009765625 683.837707519531
634.699279785156 674.136596679688 683.468383789062 683.255798339844 668.874694824219 663.071472167969 661.565185546875 657.508117675781 648.269592285156 638.875305175781 635.198486328125 636.938415527344 628.374084472656 613.695190429688 596.558288574219 588.575927734375 586.061584472656 586.987426757812 593.369018554688 598.031921386719 604.1630859375 613.343505859375 629.283874511719 641.902221679688 651.601623535156 659.558715820312 668.033630371094 675.924072265625 678.104614257812 678.250915527344 677.108093261719 672.636291503906 674.016418457031 680.224426269531 691.8447265625 699.882385253906 706.484008789062 712.815307617188 739.382629394531 752.746704101562 757.234069824219 747.561706542969 741.293273925781 731.783508300781 712.759826660156 709.977478027344 708.773498535156 708.306213378906 709.115478515625 704.273681640625 694.188720703125 678.122375488281
643.6376953125 674.492919921875 675.495178222656 668.598388671875 660.535522460938 649.337524414062 643.934326171875 637.916381835938 628.763122558594 628.651123046875 627.359802246094 623.656311035156 619.716491699219 613.211120605469 605.748596191406 601.785583496094 601.478210449219 604.204284667969 611.161926269531 615.581787109375 621.273315429688 630.118103027344 648.965026855469 665.079895019531 677.299072265625 685.938415527344 692.678283691406 697.388122558594 697.907592773438 697.343017578125 695.347717285156 691.186218261719 697.836303710938 705.313415527344 711.848815917969 724.473815917969 740.44970703125 757.11376953125 762.405395507812 766.854370117188 768.488220214844 761.601928710938 750.768920898438 737.744873046875 722.742370605469 713.633911132812 706.953430175781 702.393615722656 700.518615722656 696.168090820312 685.904907226562 653.938598632812
665.652404785156 670.935974121094 680.531982421875 678.991882324219 672.265014648438 661.706481933594 646.460571289062 630.354614257812 615.536376953125 613.160583496094 609.885314941406 604.255676269531 602.489379882812 600.903869628906 599.665222167969 600.272216796875 606.91162109375 613.597229003906 614.623474121094 619.260620117188 626.331481933594 636.609069824219 657.398376464844 676.007019042969 690.673583984375 700.3173828125 708.368591308594 715.114196777344 719.69580078125 720.909912109375 720.994079589844 721.291870117188 728.1005859375 734.995971679688 740.771423339844 751.159301757812 764.06591796875 776.254089355469 774.32177734375 773.631225585938 772.574401855469 767.250610351562 753.758972167969 738.801879882812 725.614013671875 713.464111328125 704.49462890625 698.848327636719 691.100280761719 684.887573242188 675.377075195312 643.632873535156
673.304321289062 690.731628417969 697.310791015625 698.669372558594 696.123779296875 688.315612792969 662.545593261719 634.394226074219 609.800109863281 600.338684082031 592.617370605469 585.820495605469 585.07861328125 586.005126953125 587.911071777344 592.455688476562 605.232788085938 614.944519042969 608.337585449219 613.205078125 621.863586425781 633.088073730469 654.443725585938 674.523681640625 692.452575683594 704.263916015625 715.338317871094 726.416687011719 736.7041015625 740.117614746094 743.293273925781 748.140625 752.554077148438 758.685302734375 765.996704101562 771.172485351562 775.434387207031 778.4619140625 776.806579589844 773.664978027344 769.625305175781 763.387329101562 749.075378417969 734.921997070312 723.981811523438 711.632385253906 703.19970703125 699.108215332031 687.319274902344 678.019287109375 668.390502929688 648.589294433594
689.4970703125 701.673583984375 704.705871582031 714.582092285156 721.235717773438 708.114501953125 685.045471191406 657.402770996094 625.948486328125 612.308288574219 601.198425292969 591.392517089844 588.381469726562 589.12451171875 592.3798828125 596.791076660156 600.401794433594 601.766174316406 598.231018066406 601.609802246094 607.47998046875 615.49658203125 631.211975097656 650.843627929688 673.19873046875 692.551513671875 707.102478027344 718.254028320312 725.805603027344 729.031616210938 730.219299316406 729.969482421875 738.298217773438 746.159790039062 751.773071289062 758.967407226562 764.459716796875 767.79052734375 766.091125488281 761.247924804688 752.969909667969 738.101196289062 728.017883300781 721.740600585938 720.28662109375 713.842224121094 709.350830078125 708.067077636719 709.936889648438 697.4833984375 678.482604980469 683.124572753906
700.709411621094 704.710510253906 708.280517578125 711.721923828125 712.08447265625 703.143615722656 680.647888183594 655.61279296875 632.731079101562 619.019104003906 607.98876953125 598.840881347656 593.209228515625 594.636779785156 599.721374511719 601.286376953125 599.61962890625 596.625671386719 593.580322265625 601.319580078125 606.275817871094 604.444396972656 615.864685058594 630.790771484375 647.591796875 665.477600097656 676.727416992188 684.031494140625 690.751281738281 704.848022460938 718.394775390625 725.286376953125 732.873413085938 737.026123046875 737.02978515625 742.793273925781 746.6240234375 747.456176757812 743.181579589844 736.43701171875 727.808776855469 716.798583984375 710.226013183594 706.602172851562 706.308227539062 708.194580078125 714.105529785156 724.769409179688 739.341613769531 731.477905273438 708.956909179688 695.758117675781
698.79150390625 699.401977539062 700.696594238281 697.266906738281 691.8427734375 686.794982910156 665.862487792969 643.742370605469 626.193969726562 614.024719238281 605.943481445312 601.513977050781 596.299194335938 598.646911621094 604.5205078125 603.077087402344 602.059204101562 600.299011230469 596.250671386719 606.578430175781 611.374877929688 604.271911621094 610.771179199219 616.976806640625 622.564086914062 635.152709960938 643.259826660156 649.146484375 656.76318359375 677.868896484375 700.477600097656 716.471984863281 725.576721191406 729.181213378906 727.346313476562 730.589172363281 731.376892089844 729.008422851562 720.857727050781 712.426818847656 705.201293945312 702.375793457031 697.343994140625 691.897094726562 687.154479980469 699.664306640625 716.636108398438 735.96337890625 751.798889160156 746.526184082031 724.704223632812 695.486022949219
670.339172363281 681.017822265625 670.312194824219 671.1875 672.823425292969 662.39697265625 648.531372070312 628.249572753906 597.613098144531 587.029479980469 585.4296875 592.498229980469 594.21142578125 597.545471191406 600.693115234375 598.523071289062 608.72607421875 617.999328613281 613.036499023438 615.508483886719 620.438903808594 627.0634765625 622.717529296875 614.6220703125 603.789672851562 609.84912109375 620.90869140625 633.414978027344 644.676025390625 655.155578613281 667.646484375 687.562316894531 706.612426757812 721.421691894531 731.332092285156 730.480590820312 727.436279296875 721.833801269531 709.535278320312 700.018310546875 695.189086914062 701.012817382812 692.667114257812 679.812316894531 663.676574707031 690.86181640625 715.011901855469 729.798522949219 720.181579589844 707.216186523438 691.643615722656 682.733276367188
642.80322265625 653.065124511719 654.108581542969 653.296203613281 649.642517089844 639.518005371094 627.165283203125 614.596496582031 602.607299804688 590.295104980469 582.869812011719 581.867980957031 590.985473632812 599.000793457031 605.167175292969 608.290893554688 616.752807617188 624.221374511719 623.8134765625 621.7216796875 620.456909179688 620.827270507812 618.952819824219 615.018188476562 610.564514160156 614.0966796875 620.597290039062 628.793884277344 637.9990234375 652.800170898438 666.194885253906 672.879089355469 695.1123046875 715.246398925781 727.722229003906 727.877807617188 724.741271972656 717.334716796875 695.089904785156 685.205505371094 681.763488769531 678.014587402344 676.559509277344 674.147521972656 669.500427246094 685.707275390625 706.529724121094 726.096008300781 719.606811523438 705.751525878906 689.318786621094 679.278381347656
628.872375488281 633.028381347656 639.301391601562 635.593383789062 628.358276367188 624.033508300781 611.808776855469 602.012573242188 599.486511230469 590.556213378906 582.773986816406 579.021484375 594.348571777344 603.674011230469 608.652709960938 614.934387207031 620.378784179688 626.170715332031 633.575317382812 632.189514160156 627.080810546875 619.459777832031 619.365905761719 620.762817382812 622.437072753906 621.262512207031 621.025085449219 623.435729980469 634.105712890625 653.184997558594 668.423217773438 669.556030273438 689.702087402344 709.455505371094 723.500183105469 726.163818359375 723.05126953125 713.943176269531 692.266418457031 678.278381347656 669.162170410156 662.78662109375 664.763427734375 668.362976074219 670.906616210938 683.433776855469 703.547180175781 728.495483398438 727.276184082031 709.984802246094 686.258178710938 683.901794433594
633.763916015625 625.121826171875 623.607177734375 617.064575195312 611.259826660156 618.210998535156 605.700622558594 591.021606445312 578.825378417969 579.142272949219 580.92041015625 586.518188476562 605.792419433594 610.898803710938 608.510375976562 614.063293457031 618.226318359375 625.254577636719 643.181884765625 648.334228515625 644.595581054688 629.446228027344 629.618103027344 632.846374511719 637.693908691406 624.387878417969 616.158813476562 614.90478515625 632.604919433594 651.486877441406 668.389282226562 679.297485351562 690.513793945312 703.779602050781 719.187683105469 726.067626953125 722.245910644531 710.351684570312 705.007080078125 682.319519042969 659.084228515625 663.321716308594 662.598327636719 661.372009277344 662.597595214844 684.4345703125 709.671020507812 737.2177734375 735.788024902344 710.596130371094 675.735290527344 696.426818847656
642.267883300781 632.089782714844 616.886779785156 611.872009277344 610.281188964844 605.029418945312 597.944274902344 589.063415527344 578.123596191406 573.052185058594 572.4619140625 577.463012695312 597.650390625 603.890625 602.965576171875 614.070129394531 623.747497558594 632.758972167969 641.675903320312 653.438110351562 655.197082519531 641.742614746094 640.215270996094 640.91552734375 639.107116699219 612.130676269531 607.568176269531 616.251586914062 624.6953125 645.956420898438 668.330017089844 683.536804199219 688.935729980469 697.888427734375 713.335388183594 722.616577148438 719.27978515625 706.417175292969 697.077270507812 679.717712402344 664.703125 671.21240234375 666.977722167969 662.615478515625 664.703430175781 688.750671386719 712.624572753906 728.5673828125 704.866516113281 694.419677734375 694.495788574219 688.650024414062
647.705383300781 634.594970703125 615.958679199219 611.868286132812 612.529113769531 607.632507324219 604.1630859375 599.470825195312 591.850280761719 580.748901367188 573.113220214844 572.25048828125 594.10498046875 603.095825195312 604.822875976562 616.330200195312 627.072387695312 636.37158203125 642.948120117188 652.530090332031 657.473083496094 654.044128417969 643.684387207031 634.772888183594 626.755981445312 610.112121582031 614.623901367188 628.697021484375 632.474426269531 644.618103027344 659.641784667969 674.578186035156 683.85302734375 695.750427246094 711.763916015625 719.3369140625 716.879516601562 705.879089355469 689.942016601562 676.894287109375 668.865600585938 672.271606445312 670.093811035156 667.807922363281 669.195373535156 689.231079101562 708.323974609375 718.447509765625 685.535278320312 677.969421386719 687.952087402344 681.444702148438
650.916076660156 634.884216308594 621.285217285156 616.241516113281 616.495422363281 622.36767578125 620.205200195312 617.223815917969 615.017211914062 596.212829589844 580.434875488281 569.561279296875 595.1923828125 607.077270507812 611.481018066406 619.732788085938 628.139587402344 636.741271972656 646.291015625 647.027770996094 651.631774902344 664.788330078125 638.116577148438 617.100219726562 603.455200195312 615.959716796875 631.053405761719 647.010375976562 651.165222167969 647.103576660156 646.114318847656 657.052124023438 677.423400878906 696.811828613281 714.166381835938 716.779113769531 715.474792480469 709.190673828125 686.537170410156 676.289489746094 671.948120117188 668.748291015625 672.30712890625 675.466369628906 675.238586425781 687.182312011719 700.064697265625 710.503479003906 681.502685546875 666.472473144531 663.6298828125 679.316223144531
