Variables/MIS5a/mprec.asc
NCOLS 258 
NROWS 132 
XLLCORNER -10.933275447 
YLLCORNER 36.059072361 
CELLSIZE 0.11561 
NODATA_value -9999 
[rows 23 to 45 of 132, columns 156 to 207 of 258]
713.818786621094 712.059387207031 689.870727539062 667.742126464844 658.107421875 669.705383300781 688.931823730469 710.633483886719 733.850402832031 755.263122558594 756.743103027344 745.5908203125 734.078796386719 731.309020996094 731.268676757812 730.053771972656 726.930603027344 721.143310546875 712.739013671875 719.044372558594 724.5009765625 728.2001953125 733.55419921875 734.149597167969 731.9072265625 728.838623046875 728.599975585938 728.746276855469 727.801086425781 727.298217773438 727.176574707031 727.429626464844 727.4033203125 729.837524414062 734.985412597656 744.693420410156 744.300415039062 738.310913085938 730.302673339844 728.613098144531 729.195373535156 730.956176757812 734.329284667969 739.654907226562 747.377075195312 759.756225585938 762.218017578125 759.920593261719 770.363525390625 775.741821289062 779.400024414062 784.317504882812
722.574523925781 720.150695800781 700.265075683594 669.225219726562 654.69482421875 673.641174316406 711.914428710938 750.57373046875 782.582702636719 779.8154296875 766.22900390625 748.142578125 733.794982910156 730.538024902344 730.775329589844 729.608215332031 727.12890625 724.148620605469 721.545471191406 728.344299316406 733.598999023438 735.805114746094 733.561279296875 730.910522460938 728.793212890625 729.011474609375 729.662780761719 729.970092773438 729.27392578125 728.633911132812 728.274108886719 728.249328613281 728.153869628906 728.520385742188 730.4951171875 739.317016601562 739.49951171875 735.549682617188 732.293273925781 731.495422363281 731.323120117188 731.127380371094 732.693420410156 735.172607421875 738.962585449219 747.876586914062 754.211669921875 759.124389648438 767.220520019531 772.27197265625 776.808288574219 783.513000488281
724.975524902344 723.413879394531 706.179870605469 671.364929199219 657.276916503906 685.005981445312 744.031677246094 792.043029785156 821.504272460938 794.1376953125 770.104919433594 749.630981445312 733.137084960938 729.515930175781 730.372924804688 730.723083496094 731.253601074219 731.298217773438 731.027221679688 735.532470703125 740.2578125 744.248718261719 741.133728027344 737.563781738281 733.822875976562 731.632507324219 730.790405273438 730.49951171875 730.424682617188 730.097900390625 729.666381835938 729.14208984375 729.106323242188 728.699401855469 728.7783203125 734.607971191406 734.630920410156 732.405395507812 732.082885742188 731.762329101562 731.222473144531 730.228881835938 732.030029296875 733.811218261719 735.065124511719 734.322082519531 742.133972167969 754.100830078125 755.224792480469 758.263671875 764.357482910156 776.070617675781
730.280578613281 724.395324707031 690.719482421875 668.365783691406 671.811401367188 715.148071289062 782.052978515625 824.619323730469 837.309509277344 816.629211425781 789.135375976562 758.889892578125 735.643188476562 729.70361328125 731.833984375 738.662414550781 749.102905273438 752.091796875 743.032287597656 738.099670410156 735.363220214844 736.302978515625 757.555114746094 761.959777832031 754.637878417969 736.549072265625 731.149719238281 729.97021484375 729.45947265625 729.190002441406 728.775817871094 728.109497070312 727.942199707031 727.382873535156 726.885986328125 729.103820800781 729.039611816406 728.441101074219 729.692016601562 730.109619140625 730.189270019531 729.919311523438 730.425476074219 731.986572265625 734.435913085938 733.897521972656 732.467590332031 730.721984863281 730.97021484375 732.2841796875 737.042785644531 751.67919921875
740.102600097656 723.552429199219 685.909973144531 675.168518066406 692.588012695312 746.445678710938 805.266479492188 843.707214355469 858.680480957031 859.16650390625 828.671020507812 781.301208496094 743.096923828125 736.632873535156 742.258422851562 748.941284179688 748.978881835938 744.039672851562 734.612426757812 733.945922851562 737.8115234375 746.045715332031 762.41357421875 770.122192382812 768.909973144531 753.049621582031 738.837219238281 728.528381347656 725.294982910156 724.67578125 724.391906738281 723.932006835938 723.602722167969 723.14892578125 722.64990234375 722.519104003906 722.727416992188 723.31640625 724.598388671875 725.182678222656 725.587219238281 726.046691894531 727.035583496094 728.763000488281 730.939514160156 730.460205078125 728.213012695312 725.629577636719 726.670471191406 727.486572265625 730.292724609375 738.973571777344
744.542419433594 718.093017578125 685.033386230469 686.813415527344 714.868530273438 773.404602050781 823.159973144531 860.212707519531 883.550109863281 890.364929199219 854.977783203125 796.700500488281 754.376892089844 746.894714355469 751.006896972656 752.278015136719 743.717712402344 733.732727050781 725.278076171875 732.994873046875 744.17138671875 756.805419921875 766.849914550781 775.960571289062 780.295471191406 767.721618652344 746.119384765625 728.018188476562 723.436218261719 722.289184570312 721.974914550781 721.956298828125 721.03857421875 719.83642578125 718.499877929688 717.456420898438 717.800170898438 718.887878417969 720.198425292969 720.580688476562 721.1259765625 722.452880859375 724.276611328125 726.355102539062 728.404174804688 727.617370605469 726.644714355469 726.21142578125 728.768493652344 729.330383300781 729.915283203125 732.958312988281
735.969421386719 704.625427246094 687.810180664062 701.878601074219 736.368774414062 793.237609863281 838.835876464844 878.539794921875 911.12841796875 888.234924316406 843.754821777344 792.155822753906 770.1904296875 759.434204101562 751.887512207031 740.556213378906 739.383117675781 735.056884765625 725.54248046875 741.28271484375 753.289184570312 761.585876464844 776.734680175781 786.455078125 788.864074707031 772.72998046875 749.033081054688 730.069580078125 727.998718261719 726.212219238281 725.421875 726.066284179688 723.875671386719 720.225219726562 715.814575195312 715.987976074219 716.150512695312 716.525024414062 718.652526855469 719.2529296875 719.386413574219 721.402282714844 724.106018066406 726.556213378906 728.964111328125 728.259704589844 728.152893066406 728.147583007812 732.750671386719 732.659484863281 730.758911132812 732.966369628906
723.800170898438 700.429626464844 691.963684082031 710.477416992188 747.531494140625 804.026184082031 846.825622558594 877.693908691406 892.449401855469 859.763122558594 816.42626953125 775.299011230469 765.614685058594 765.856506347656 765.026916503906 753.180480957031 749.625671386719 741.972778320312 727.146484375 732.381225585938 747.096130371094 767.873718261719 785.643920898438 793.232788085938 793.203979492188 785.140319824219 764.600524902344 746.005920410156 740.035705566406 735.785705566406 734.437622070312 736.0927734375 734.504577636719 728.424072265625 720.175720214844 719.053527832031 719.574523925781 722.444274902344 730.590576171875 736.056274414062 740.194885253906 742.723571777344 733.735229492188 734.883178710938 748.481628417969 751.780212402344 753.05322265625 754.906127929688 763.982482910156 754.973815917969 741.843811035156 738.886474609375
719.230224609375 706.989501953125 702.605285644531 713.981018066406 744.663879394531 800.452819824219 835.723815917969 854.518493652344 855.4365234375 825.208374023438 792.174682617188 763.928771972656 760.344177246094 765.768676757812 769.203491210938 759.849609375 750.640380859375 739.436584472656 726.107299804688 725.866027832031 741.642822265625 769.578125 790.513427734375 796.423278808594 795.913696289062 801.617492675781 785.59228515625 770.6904296875 772.70947265625 767.004699707031 762.470825195312 762.509887695312 779.724914550781 775.564514160156 755.229797363281 748.743408203125 751.306884765625 758.711486816406 768.104675292969 778.5009765625 786.153076171875 787.050476074219 760.338012695312 753.792907714844 773.203674316406 776.452026367188 789.196105957031 806.61328125 810.232971191406 804.917724609375 798.243713378906 798.122314453125
724.453674316406 724.091491699219 720.859497070312 714.696716308594 730.152770996094 782.756774902344 806.417175292969 812.094177246094 800.044128417969 789.471374511719 774.212585449219 760.501403808594 756.672912597656 758.916015625 761.044128417969 756.791076660156 739.181701660156 726.3798828125 723.946228027344 726.560119628906 741.101013183594 766.329711914062 791.327819824219 798.266723632812 799.421691894531 825.833312988281 816.045288085938 806.766906738281 831.347229003906 826.417114257812 815.52197265625 803.387512207031 862.383911132812 864.746276855469 825.76318359375 809.779602050781 819.378723144531 833.835571289062 835.901672363281 846.070922851562 852.968017578125 854.016723632812 803.027709960938 785.913024902344 803.248229980469 802.554382324219 834.673889160156 882.845520019531 866.97802734375 878.58447265625 901.53271484375 915.15478515625
732.231384277344 731.650329589844 730.452026367188 733.239624023438 750.80419921875 790.388427734375 802.958374023438 802.273315429688 790.376770019531 770.505798339844 752.638305664062 739.7744140625 742.996276855469 748.300170898438 752.267028808594 751.025817871094 737.509216308594 729.451904296875 733.234313964844 741.548889160156 752.610107421875 767.751220703125 798.044494628906 819.882873535156 847.385925292969 915.818908691406 899.648315429688 888.365478515625 943.033081054688 926.804870605469 911.496276855469 913.634887695312 930.763122558594 937.125122070312 928.349914550781 886.111572265625 929.800476074219 986.680480957031 949.339477539062 903.133972167969 861.065124511719 832.080627441406 827.932678222656 843.545227050781 874.781616210938 874.603698730469 887.214721679688 903.535827636719 885.992370605469 908.915222167969 941.121215820312 950.720397949219
756.265808105469 752.667724609375 744.293273925781 745.079711914062 757.060729980469 782.893676757812 788.74072265625 786.190795898438 776.58447265625 757.553588867188 744.290771484375 737.315612792969 740.180419921875 746.655090332031 751.34521484375 748.643615722656 752.1162109375 763.135925292969 782.679504394531 795.074829101562 788.297302246094 774.5458984375 824.700927734375 883.372680664062 947.8447265625 1022.79602050781 1020.72100830078 1016.64697265625 1059.06896972656 1035.34594726562 994.685729980469 951.52197265625 948.311828613281 968.57373046875 990.035522460938 928.123474121094 943.352294921875 982.28271484375 972.363586425781 965.170104980469 938.694213867188 879.328125 924.538818359375 958.12451171875 958.411682128906 943.970275878906 939.185607910156 938.632080078125 922.077514648438 927.340026855469 938.342224121094 938.710998535156
783.654174804688 776.91357421875 758.4716796875 751.531921386719 754.408020019531 768.79248046875 771.525695800781 769.249328613281 762.752197265625 750.622192382812 746.887512207031 748.349670410156 749.374084472656 760.233276367188 767.677917480469 764.185974121094 786.816711425781 819.117309570312 862.908874511719 865.502075195312 839.013977050781 797.494079589844 882.513610839844 971.806823730469 1061.47595214844 1128.10498046875 1155.71997070312 1166.84899902344 1164.02404785156 1122.97399902344 1055.32104492188 955.341613769531 960.003112792969 1005.19299316406 1057.15600585938 969.671691894531 915.084594726562 894.579528808594 961.068908691406 1043.17602539062 1065.1240234375 976.436706542969 1069.48498535156 1110.21301269531 1069.36499023438 1032.14697265625 1011.86499023438 1001.25 997.898498535156 973.184509277344 935.595520019531 917.293518066406
770.524719238281 760.333129882812 756.558715820312 760.411499023438 768.353881835938 780.114929199219 786.185607910156 780.489318847656 764.162292480469 757.415222167969 755.763427734375 760.531677246094 781.949279785156 816.400329589844 852.550415039062 880.965576171875 867.187927246094 881.240783691406 942.490417480469 883.074829101562 881.335327148438 944.049621582031 1037.29699707031 1040.84802246094 1029.93798828125 1157.06604003906 1241.91394042969 1260.82995605469 1169.3349609375 1085.38500976562 1055.76599121094 1093.4580078125 1131.21899414062 1214.17297363281 1299.49304199219 1153.48498535156 1037.99499511719 997.517272949219 1146.84301757812 1179.98303222656 1171.67004394531 1144.54504394531 1193.55603027344 1251.71704101562 1301.23999023438 1245.27001953125 1194.041015625 1165.98400878906 1227.35205078125 1184.70703125 1103.23999023438 1035.19702148438
762.391479492188 761.753295898438 773.724304199219 781.242797851562 789.887084960938 802.551086425781 819.4384765625 830.422607421875 831.151184082031 803.660095214844 804.139404296875 821.177795410156 828.093872070312 887.876403808594 963.062377929688 1025.7939453125 1000.06799316406 1002.11499023438 1063.73400878906 1002.88897705078 956.144104003906 950.738098144531 1047.33801269531 1097.26000976562 1137.92504882812 1249.19995117188 1333.06994628906 1338.78698730469 1201.7939453125 1134.501953125 1168.27600097656 1302.52001953125 1319.47900390625 1330.27197265625 1327.02197265625 1222.72705078125 1101.11303710938 1040.083984375 1188.90100097656 1233.83996582031 1214.91394042969 1138.86401367188 1216.69897460938 1284.11499023438 1301.71899414062 1230.77294921875 1155.97497558594 1112.26293945312 1203.85595703125 1156.14904785156 1063.86499023438 1014.29699707031
770.860290527344 788.266906738281 817.381469726562 814.608215332031 815.293579101562 834.136474609375 861.634826660156 892.677673339844 920.347473144531 875.525512695312 898.595275878906 949.520324707031 921.278686523438 990.888916015625 1086.69897460938 1159.74401855469 1118.15795898438 1099.02600097656 1140.10095214844 1090.23803710938 1016.4990234375 946.535217285156 1044.51501464844 1169.74096679688 1291.24597167969 1347.41198730469 1389.93994140625 1371.66394042969 1233.8349609375 1194.24694824219 1277.94702148438 1486.22705078125 1456.65295410156 1368.96997070312 1252.92102050781 1189.77404785156 1108.46203613281 1060.65295410156 1149.22802734375 1201.40795898438 1181.88793945312 1047.85595703125 1159.63403320312 1224.71105957031 1199.52600097656 1124.07495117188 1045.82800292969 991.226318359375 1072.17199707031 1023.93298339844 946.672790527344 939.924377441406
819.795471191406 865.189208984375 913.406982421875 870.193420410156 843.267028808594 880.205383300781 908.771484375 945.503723144531 985.784606933594 973.972473144531 1077.11999511719 1212.03198242188 1134.18798828125 1164.7919921875 1217.34204101562 1212.38903808594 1132.81298828125 1056.30297851562 1005.22399902344 960.299926757812 997.287780761719 1106.34997558594 1183.01599121094 1301.63098144531 1411.35205078125 1384.5419921875 1342.09301757812 1293.64501953125 1247.79602050781 1175.04504394531 1240.60803222656 1476.31494140625 1428.17895507812 1302.51403808594 1130.76098632812 1004.33001708984 1033.82202148438 1101.78601074219 1040.97094726562 1028.40905761719 1006.87200927734 957.883728027344 997.269287109375 1035.76599121094 1062.34094238281 1033.11804199219 1000.65399169922 968.236572265625 939.44580078125 894.587524414062 859.9990234375 886.746276855469
914.384216308594 982.725524902344 997.843017578125 980.498107910156 970.818725585938 989.356811523438 1042.02600097656 1145.56201171875 1274.78894042969 1227.46203613281 1262.63000488281 1315.80700683594 1187.72302246094 1214.64794921875 1267.15405273438 1239.26696777344 1228.9599609375 1203.86804199219 1152.64294433594 1114.46594238281 1125.57995605469 1186.43200683594 1293.13793945312 1370.47302246094 1415.81604003906 1406.53198242188 1351.94299316406 1288.98596191406 1238.34399414062 1165.13195800781 1163.28295898438 1245.91394042969 1205.96594238281 1102.4169921875 964.532287597656 870.567626953125 912.764709472656 988.54248046875 963.756225585938 1042.55700683594 1098.33703613281 1058.05395507812 1051.18395996094 1056.63000488281 1062.82702636719 1002.84802246094 963.956420898438 942.133117675781 913.93408203125 873.640930175781 838.298217773438 830.470703125
1001.95697021484 1077.51904296875 1093.9560546875 1118.33898925781 1138.96496582031 1152.78100585938 1228.26293945312 1330.47204589844 1435.24499511719 1369.28405761719 1350.64196777344 1336.41796875 1178.02502441406 1196.91394042969 1239.63305664062 1181.26000976562 1263.89599609375 1313.83703613281 1276.31201171875 1260.59594726562 1251.0810546875 1259.84094238281 1381.51000976562 1437.53198242188 1448.1689453125 1429.80297851562 1364.001953125 1284.49499511719 1209.48498535156 1208.09802246094 1186.18798828125 1122.20300292969 1047.98596191406 947.438720703125 834.805786132812 776.575073242188 811.064880371094 886.161499023438 948.120178222656 1091.42797851562 1176.69494628906 1113.36999511719 1091.76599121094 1071.56799316406 1041.61303710938 957.720886230469 914.997619628906 901.327575683594 876.526672363281 836.241027832031 792.839904785156 758.849609375
1056.98901367188 1117.27502441406 1208.43994140625 1262.88000488281 1322.81494140625 1382.45300292969 1444.46301269531 1416.60900878906 1275.38000488281 1265.04602050781 1270.2919921875 1266.67797851562 1124.03698730469 1117.21704101562 1114.89794921875 990.634521484375 1161.30297851562 1279.86206054688 1252.56604003906 1269.08996582031 1299.32202148438 1351.46704101562 1438.81005859375 1512.98303222656 1562.17504882812 1454.44702148438 1344.04296875 1247.70397949219 1149.00903320312 1322.74499511719 1375.47900390625 1231.32800292969 1070.78002929688 921.909118652344 785.287414550781 729.631225585938 764.475219726562 859.263793945312 1024.62194824219 1114.11694335938 1129.67102050781 1025.29797363281 1021.1259765625 991.237426757812 923.074279785156 865.691223144531 843.787170410156 837.396728515625 779.268676757812 729.232116699219 685.558776855469 661.799011230469
1080.57495117188 1089.52502441406 1095.89099121094 1134.06201171875 1181.46398925781 1229.01501464844 1228.083984375 1224.80200195312 1216.6669921875 1133.47497558594 1111.47900390625 1112.18103027344 1028.35302734375 997.816284179688 979.490112304688 943.822998046875 1009.36700439453 1085.84802246094 1138.92895507812 1065.79797363281 1116.0419921875 1274.39294433594 1327.09094238281 1334.48999023438 1304.07397460938 1214.53698730469 1127.82104492188 1075.57995605469 1096.81799316406 1221.69299316406 1241.14697265625 1108.99499511719 1037.50805664062 901.11962890625 733.993774414062 719.840881347656 784.176025390625 885.697692871094 990.731628417969 1048.14196777344 1057.69494628906 1001.31402587891 937.5498046875 881.729919433594 837.912292480469 810.117980957031 798.476806640625 784.133422851562 704.512573242188 671.097229003906 656.539123535156 639.902099609375
1103.54296875 1133.10302734375 1161.10900878906 1201.98596191406 1238.92700195312 1262.63000488281 1258.96899414062 1239.14099121094 1189.99597167969 1001.87097167969 954.519775390625 983.848022460938 934.176208496094 887.202087402344 858.768615722656 872.980224609375 901.480712890625 941.282287597656 985.928100585938 920.846618652344 977.765014648438 1137.69604492188 1176.19799804688 1166.26501464844 1129.46997070312 1079.998046875 1018.90698242188 994.279724121094 1055.37194824219 1150.373046875 1131.5009765625 972.397827148438 950.781616210938 850.831970214844 704.937072753906 718.487915039062 794.898071289062 882.102294921875 913.364624023438 926.760375976562 926.517395019531 907.444274902344 834.158813476562 781.455017089844 763.440979003906 764.691223144531 750.773193359375 716.76318359375 641.407470703125 619.997680664062 617.774780273438 605.687072753906
1161.34497070312 1260.91198730469 1412.88000488281 1474.48498535156 1508.38098144531 1501.19604492188 1557.57202148438 1458.56799316406 1191.03405761719 888.120422363281 826.581970214844 887.697570800781 846.033630371094 797.467529296875 762.567626953125 776.722412109375 845.699401855469 868.046081542969 805.392883300781 866.372680664062 919.253784179688 962.286499023438 1014.49401855469 1046.98999023438 1067.05798339844 1068.68200683594 1030.30200195312 1010.01501464844 1032.27197265625 1125.53894042969 1075.71203613281 828.274719238281 822.370300292969 771.518676757812 698.464172363281 722.503723144531 788.318725585938 845.329711914062 809.555908203125 777.669799804688 751.310729980469 749.690673828125 722.754577636719 701.415771484375 697.162902832031 718.06640625 689.684814453125 631.739624023438 586.742126464844 569.167175292969 562.484802246094 554.780822753906
