Variables/MIS5a/npp.asc
NCOLS 258 
NROWS 132 
XLLCORNER -10.933275447 
YLLCORNER 36.059072361 
CELLSIZE 0.11561 
NODATA_value -9999 
[rows 92 to 114 of 132, columns 52 to 103 of 258]
590.574401855469 587.554626464844 570.905700683594 586.184814453125 619.51611328125 610.563415527344 587.839477539062 571.025573730469 591.587707519531 587.649291992188 579.267822265625 574.3154296875 572.159912109375 570.1826171875 567.968017578125 565.58251953125 561.735595703125 556.78271484375 551.202087402344 555.348693847656 561.190490722656 561.214172363281 556.512512207031 548.125610351562 537.364379882812 558.647888183594 577.876281738281 587.837219238281 568.422912597656 559.286682128906 558.141296386719 561.761474609375 555.528015136719 550.930480957031 557.668884277344 556.987426757812 556.043823242188 557.245483398438 566.904174804688 563.970581054688 552.249816894531 558.377685546875 560.8720703125 563.317993164062 573.283630371094 573.139526367188 565.818420410156 575.013793945312 581.068115234375 -9999 -9999 -9999
599.064086914062 582.677612304688 577.993530273438 584.673217773438 596.439514160156 592.116821289062 571.664978027344 554.028015136719 568.021484375 564.952697753906 561.908020019531 566.820129394531 569.70947265625 570.518371582031 568.892822265625 562.953674316406 560.486877441406 560.664184570312 561.306884765625 562.52099609375 562.593017578125 559.004516601562 554.437683105469 551.41650390625 552.086975097656 568.575378417969 588.325073242188 604.233520507812 581.886779785156 563.627685546875 551.901184082031 552.086669921875 547.127502441406 543.848571777344 548.52490234375 552.074584960938 557.866271972656 566.548889160156 569.757019042969 567.322570800781 561.229125976562 559.723327636719 559.927185058594 565.000671386719 583.956420898438 584.236511230469 578.955688476562 -9999 -9999 -9999 -9999 -9999
610.108276367188 571.947875976562 568.034484863281 562.718627929688 554.892822265625 554.471313476562 559.425903320312 565.265686035156 563.754821777344 560.226928710938 557.028076171875 555.268127441406 564.135375976562 569.052917480469 569.570129394531 559.517517089844 554.822814941406 554.166198730469 561.854919433594 562.705688476562 560.67822265625 556.857604980469 552.702514648438 550.738525390625 553.591369628906 564.348876953125 581.6083984375 602.848815917969 582.635009765625 565.464904785156 551.880920410156 543.065307617188 543.7197265625 545.698974609375 542.706115722656 549.433715820312 565.015686035156 591.262329101562 569.375671386719 563.293701171875 569.337829589844 560.042785644531 558.541320800781 566.173583984375 594.085571289062 582.066711425781 -9999 -9999 -9999 -9999 -9999 -9999
572.424682617188 565.228820800781 560.25341796875 556.841003417969 554.941284179688 555.528381347656 550.406982421875 546.86767578125 556.904296875 558.216125488281 557.534423828125 557.342529296875 562.794616699219 562.240295410156 554.713073730469 551.093688964844 554.983276367188 561.784118652344 558.066772460938 558.360717773438 559.851196289062 560.175903320312 555.374084472656 546.776428222656 534.953186035156 547.727722167969 555.0634765625 553.491027832031 540.30419921875 541.593017578125 548.085693359375 539.593322753906 535.819885253906 534.583129882812 535.400329589844 540.676025390625 551.39111328125 567.198913574219 562.829284667969 562.166015625 564.466613769531 555.280517578125 561.5078125 574.760925292969 583.856506347656 -9999 -9999 -9999 -9999 -9999 -9999 -9999
553.209777832031 549.83251953125 552.873413085938 554.594177246094 554.835510253906 555.045227050781 546.67919921875 539.780700683594 549.788391113281 552.356872558594 552.934326171875 553.7197265625 558.204528808594 557.1005859375 550.358581542969 552.913024902344 558.31591796875 562.878784179688 556.810485839844 557.001525878906 558.2919921875 555.703979492188 556.234924316406 553.211791992188 544.386596679688 547.747497558594 546.520629882812 539.617614746094 534.201171875 538.176025390625 544.692077636719 539.724670410156 535.180114746094 533.099792480469 536.232604980469 542.954223632812 549.879211425781 555.53271484375 554.326171875 561.781921386719 573.589782714844 562.939514160156 570.296569824219 576.391174316406 -9999 -9999 -9999 -9999 -9999 -9999 -9999 -9999
544.761413574219 533.620422363281 543.899719238281 550.249084472656 552.665405273438 551.945617675781 544.873718261719 538.556884765625 543.777099609375 545.073486328125 545.959411621094 547.997192382812 551.659912109375 551.653991699219 548.416870117188 558.624877929688 561.822570800781 559.812927246094 556.035583496094 555.608093261719 554.740783691406 548.618225097656 555.094421386719 560.811889648438 561.361083984375 553.958984375 547.966369628906 544.264709472656 546.536499023438 544.99609375 541.793884277344 540.692199707031 537.4794921875 536.314880371094 541.184387207031 549.684204101562 553.624328613281 550.4716796875 546.545288085938 561.248413085938 587.423217773438 574.040893554688 571.853393554688 -9999 -9999 -9999 -9999 -9999 -9999 -9999 -9999 -9999
535.682312011719 533.372314453125 528.283081054688 532.500915527344 542.647827148438 543.956115722656 539.995971679688 536.445617675781 541.602722167969 540.356628417969 540.744873046875 546.511596679688 544.7509765625 541.273803710938 538.326782226562 557.819396972656 560.251098632812 552.161499023438 551.692321777344 547.845825195312 545.021179199219 548.696472167969 550.616821289062 551.301879882812 550.493530273438 548.816284179688 548.753479003906 550.397583007812 552.096984863281 546.441711425781 538.31591796875 537.613403320312 535.806274414062 537.016479492188 545.83642578125 550.348388671875 551.033386230469 547.433776855469 544.943908691406 558.957214355469 582.911315917969 572.370971679688 569.672973632812 -9999 -9999 -9999 -9999 -9999 -9999 -9999 -9999 -9999
535.400573730469 531.058776855469 522.163818359375 521.509887695312 526.877319335938 528.619384765625 528.499328613281 527.540771484375 526.503723144531 526.960327148438 531.914611816406 543.572692871094 543.329223632812 539.916320800781 536.832885742188 549.778198242188 550.989074707031 545.485595703125 549.412719726562 544.112976074219 539.031921386719 544.340209960938 542.497009277344 543.147277832031 549.469421386719 545.0703125 541.39697265625 540.163696289062 541.91650390625 540.176574707031 536.151611328125 531.584716796875 531.863586425781 536.111572265625 545.159973144531 543.727600097656 546.283630371094 556.369018554688 558.307983398438 560.551025390625 562 561.513916015625 -9999 -9999 -9999 -9999 -9999 -9999 -9999 -9999 -9999 -9999
532.454711914062 524.901794433594 516.762084960938 514.391723632812 516.37548828125 517.446228027344 520.413513183594 521.810607910156 515.361328125 517.382385253906 524.742797851562 537.622497558594 539.912719726562 539.095825195312 536.945922851562 543.007690429688 543.679992675781 541.713623046875 546.409301757812 542.044982910156 537.698425292969 542.960571289062 537.337585449219 536.61962890625 546.319396972656 540.426879882812 533.929321289062 528.985229492188 530.082580566406 532.651123046875 534.361511230469 529.162719726562 530.996826171875 535.819091796875 541.807678222656 541.947509765625 548.107177734375 563.0595703125 565.4404296875 556.376098632812 550.463623046875 -9999 -9999 -9999 -9999 -9999 -9999 -9999 -9999 -9999 -9999 -9999
519.085388183594 510.859588623047 507.299896240234 511.029602050781 519.807922363281 519.319580078125 523.285095214844 526.816284179688 520.526306152344 521.186218261719 523.357482910156 524.21142578125 529.627319335938 534.068603515625 538.340881347656 543.237426757812 545.172485351562 544.564575195312 540.597717285156 540.674499511719 543.697387695312 549.783630371094 540.4365234375 532.679626464844 530.980285644531 533.242980957031 531.549926757812 526.289611816406 524.709716796875 527.402282714844 532.507019042969 536.110473632812 537.946716308594 537.870178222656 534.620971679688 554.607177734375 564.535705566406 556.389282226562 550.921875 550.592712402344 -9999 -9999 -9999 -9999 -9999 -9999 -9999 -9999 -9999 -9999 -9999 -9999
526.736999511719 520.841979980469 511.848999023438 509.897613525391 512.928894042969 512.272705078125 517.736328125 523.754089355469 522.421875 522.085388183594 526.799377441406 539.505981445312 540.520629882812 540.533081054688 540.955688476562 538.427917480469 543.440185546875 549.282409667969 534.232788085938 536.365478515625 543.538391113281 545.390075683594 538.733276367188 532.027587890625 528.691284179688 533.600280761719 534.416076660156 530.218383789062 525.103271484375 521.994018554688 524.006774902344 541.787170410156 545.12841796875 544.792419433594 548.01123046875 561.93017578125 567.780700683594 560.27978515625 557.233581542969 555.673889160156 -9999 -9999 -9999 -9999 -9999 -9999 -9999 -9999 -9999 -9999 -9999 -9999
528.769775390625 527.502990722656 515.334411621094 508.786285400391 507.687805175781 509.094909667969 512.292724609375 516.291381835938 520.243530273438 518.052124023438 522.829528808594 542.254577636719 545.910217285156 543.862670898438 538.124877929688 534.769104003906 541.312377929688 549.002685546875 529.816711425781 531.960388183594 539.863891601562 540.134216308594 536.6591796875 532.916381835938 530.269897460938 532.654174804688 531.602722167969 526.750915527344 522.158081054688 519.997619628906 523.189086914062 542.716003417969 548.648010253906 550.447570800781 553.803771972656 562.796020507812 569.022277832031 569.623291015625 563.484375 558.601623535156 -9999 -9999 -9999 -9999 -9999 -9999 -9999 -9999 -9999 -9999 -9999 -9999
520.647216796875 527.897277832031 514.99267578125 507.788787841797 505.675109863281 512.095581054688 508.974395751953 505.082885742188 513.586975097656 509.442901611328 510.030395507812 525.068420410156 539.392272949219 540.243713378906 527.178100585938 533.10302734375 538.556579589844 541.712585449219 528.205322265625 528.736083984375 533.169494628906 535.073974609375 535.009094238281 534.603271484375 535.234008789062 528.361999511719 521.619079589844 513.16357421875 514.531372070312 521.569580078125 532.418212890625 537.425476074219 547.167297363281 553.624084472656 547.980285644531 557.367370605469 570.092712402344 586.685791015625 565.144775390625 558.892883300781 550.965270996094 -9999 -9999 -9999 -9999 -9999 -9999 -9999 -9999 -9999 -9999 -9999
525.698486328125 525.99609375 518.4033203125 513.010314941406 510.350006103516 510.936492919922 507.203887939453 503.250793457031 505.119293212891 510.81689453125 516.163513183594 519.2880859375 526.123474121094 528.569519042969 525.932983398438 525.858093261719 526.874389648438 528.678894042969 531.272521972656 532.332580566406 531.810485839844 528.764282226562 531.730529785156 529.792724609375 518.983520507812 522.043029785156 523.21142578125 520.682312011719 514.971374511719 515.47412109375 519.710021972656 524.020629882812 541.676574707031 556.447387695312 554.310485839844 558.839721679688 567.529418945312 578.385375976562 563.431274414062 557.26611328125 553.232971191406 -9999 -9999 -9999 -9999 -9999 -9999 -9999 -9999 -9999 -9999 -9999
526.046875 523.916320800781 519.183471679688 516.277893066406 514.609008789062 511.035797119141 508.319488525391 505.899108886719 503.171997070312 509.895690917969 516.228271484375 517.494689941406 520.374694824219 519.913330078125 516.255004882812 518.974304199219 523.971801757812 529.284912109375 530.293029785156 527.991882324219 524.242797851562 520.181030273438 524.634521484375 523.884582519531 513.27392578125 521.056213378906 524.354675292969 520.86181640625 515.079528808594 510.791809082031 510.158111572266 520.4091796875 538.762878417969 554.724975585938 558.883117675781 560.017395019531 567.229125976562 581.594970703125 573.007690429688 569.838317871094 566.326904296875 538.760375976562 -9999 -9999 -9999 -9999 -9999 -9999 -9999 -9999 -9999 -9999
523.919311523438 519.894226074219 518.743103027344 518.38818359375 517.78662109375 511.663604736328 510.736694335938 510.885803222656 505.819213867188 505.947906494141 509.773193359375 517.740295410156 519.210083007812 514.352478027344 503.158111572266 514.86376953125 527.777709960938 538.417785644531 527.153991699219 519.780517578125 513.893310546875 510.99609375 516.006713867188 518.761779785156 516.254516601562 523.536193847656 522.998229980469 515.464721679688 517.562683105469 513.563598632812 509.049285888672 528.424377441406 542.477111816406 553.340515136719 564.531127929688 562.9921875 569.114074707031 589.678894042969 586.398315429688 588.085571289062 589.111083984375 541.066101074219 555.913330078125 576.881896972656 -9999 -9999 -9999 -9999 -9999 -9999 -9999 -9999
533.4384765625 510.504913330078 524.468811035156 524.877319335938 513.900817871094 508.089294433594 508.742095947266 510.574005126953 506.666290283203 499.111389160156 498.157287597656 510.280212402344 508.552398681641 510.205108642578 517.286987304688 523.957214355469 527.703186035156 529.570129394531 531.863220214844 526.528625488281 518.67431640625 512.179077148438 514.514404296875 521.319274902344 531.536987304688 521.511413574219 513.80859375 513.101379394531 539.208374023438 548.137084960938 549.246826171875 562.087829589844 569.9619140625 576.982788085938 585.854675292969 579.967224121094 572.304870605469 566.211791992188 569.958984375 584.553588867188 601.788696289062 574.366577148438 580.421569824219 598.758483886719 -9999 -9999 -9999 -9999 -9999 -9999 -9999 -9999
544.063598632812 524.129821777344 521.6044921875 518.61328125 513.799499511719 507.770812988281 505.049987792969 503.955993652344 503.031585693359 498.263214111328 497.172912597656 504.454803466797 510.644989013672 517.223083496094 523.766418457031 524.836669921875 525.619873046875 526.688110351562 528.657409667969 525.968383789062 519.646118164062 508.944213867188 514.096374511719 522.438598632812 529.689880371094 530.104919433594 535.792785644531 548.343322753906 567.871520996094 576.922302246094 580.114074707031 585.311218261719 589.224304199219 594.517395019531 603.108825683594 583.437622070312 569.222778320312 569.732299804688 566.709777832031 579.200073242188 598.896118164062 595.684020996094 603.547180175781 -9999 -9999 -9999 -9999 -9999 -9999 -9999 -9999 -9999
551.979614257812 542.148071289062 520.637084960938 511.867706298828 512.315124511719 506.35400390625 501.219696044922 498.419403076172 501.881805419922 502.145599365234 501.306701660156 500.281799316406 513.498718261719 522.859069824219 525.799987792969 521.290771484375 521.013488769531 523.206909179688 522.022094726562 522.268981933594 518.669799804688 503.342498779297 516.665222167969 528.394104003906 529.437805175781 544.11767578125 562.770324707031 582.727905273438 586.16748046875 592.645202636719 600.185485839844 602.115112304688 605.227294921875 608.569885253906 611.488891601562 581.901123046875 568.848876953125 584.145629882812 571.064819335938 580.306274414062 -9999 -9999 -9999 -9999 -9999 -9999 -9999 -9999 -9999 -9999 -9999 -9999
550.156127929688 543.906127929688 538.361206054688 522.200500488281 500.331512451172 496.610198974609 499.412292480469 505.519592285156 514.741821289062 511.998291015625 505.980499267578 499.531799316406 500.159088134766 508.207305908203 522.535827636719 516.247314453125 511.602691650391 509.290710449219 516.206481933594 520.099914550781 517.256469726562 499.577697753906 527.086608886719 551.890686035156 558.114685058594 559.390380859375 559.880676269531 559.663330078125 561.883972167969 578.089721679688 599.960815429688 614.118713378906 623.539123535156 620.987915039062 591.299682617188 584.72802734375 586.133178710938 592.5869140625 580.355285644531 -9999 -9999 -9999 -9999 -9999 -9999 -9999 -9999 -9999 -9999 -9999 -9999 -9999
551.083129882812 542.162475585938 540.267028808594 529.258605957031 513.555114746094 512.929626464844 516.787719726562 522.724487304688 529.243286132812 523.857482910156 517.017028808594 513.727783203125 519.664611816406 527.007202148438 533.535095214844 532.584716796875 531.877014160156 530.194519042969 521.419616699219 517.722900390625 513.448425292969 502.642913818359 516.668273925781 532.766479492188 543.23779296875 551.6376953125 556.55078125 559.339782714844 568.947814941406 587.792419433594 603.836608886719 588.313415527344 595.201477050781 598.216674804688 574.910583496094 573.526184082031 576.645812988281 579.225830078125 -9999 -9999 -9999 -9999 -9999 -9999 -9999 -9999 -9999 -9999 -9999 -9999 -9999 -9999
551.265197753906 546.688293457031 549.184020996094 541.7880859375 528.849426269531 530.857116699219 534.228271484375 537.064575195312 536.513610839844 532.091186523438 528.345581054688 527.938903808594 539.673828125 544.563171386719 540.954711914062 544.216369628906 545.034912109375 541.436584472656 524.748107910156 515.840087890625 509.964385986328 503.914703369141 507.348693847656 514.819213867188 525.774169921875 542.3583984375 556.175170898438 566.987976074219 579.516174316406 597.241027832031 606.992370605469 569.872985839844 571.451293945312 577.4169921875 562.918273925781 561.219604492188 562.361511230469 566.686096191406 -9999 -9999 -9999 -9999 -9999 -9999 -9999 -9999 -9999 -9999 -9999 -9999 -9999 -9999
549.258422851562 564.960327148438 576.083618164062 564.265991210938 538.454284667969 540.312622070312 542.668212890625 541.922729492188 529.713928222656 533.2451171875 537.188903808594 536.568481445312 545.482116699219 544.914428710938 533.05712890625 538.673583984375 532.597778320312 519.942321777344 519.826293945312 514.728393554688 508.141815185547 501.539215087891 509.616394042969 517.838928222656 521.474304199219 541.256225585938 560.943298339844 580.482482910156 582.776123046875 594.527282714844 604.854919433594 580.940612792969 578.101928710938 576.101989746094 559.813903808594 554.579528808594 556.785827636719 -9999 -9999 -9999 -9999 -9999 -9999 -9999 -9999 -9999 -9999 -9999 -9999 -9999 -9999 -9999
