Variables/MIS5a/npp.asc
NCOLS 258 
NROWS 132 
XLLCORNER -10.933275447 
YLLCORNER 36.059072361 
CELLSIZE 0.11561 
NODATA_value -9999 
[rows 69 to 91 of 132, columns 52 to 103 of 258]
657.874328613281 661.61181640625 666.097778320312 588.230712890625 486.191497802734 612.431030273438 654.120727539062 653.952026367188 652.938781738281 653.4130859375 650.599426269531 641.835693359375 648.777893066406 650.919616699219 645.956176757812 645.618896484375 645.414794921875 644.211975097656 655.920227050781 651.587585449219 642.163330078125 636.195617675781 625.094299316406 603.893493652344 587.632385253906 580.452880859375 590.574584960938 621.382995605469 618.552978515625 604.572387695312 594.010009765625 590.594177246094 590.311096191406 589.960021972656 587.096984863281 588.005981445312 590.587280273438 594.306823730469 595.422180175781 589.480773925781 581.500427246094 599.149597167969 599.616271972656 593.8076171875 598.915100097656 590.027526855469 585.009826660156 594.851013183594 586.18701171875 577.995483398438 574.120178222656 573.757080078125
665.064514160156 677.853210449219 666.125671386719 666.87548828125 674.533874511719 658.520629882812 655.909484863281 658.538879394531 656.998413085938 657.007629394531 652.471130371094 640.044921875 647.131896972656 652.253784179688 652.250427246094 653.229309082031 648.710388183594 643.025024414062 649.578918457031 647.656677246094 642.074829101562 636.042175292969 633.999084472656 632.066711425781 628.679016113281 621.408813476562 620.34521484375 624.339294433594 618.532775878906 612.120971679688 606.341674804688 603.217102050781 595.231811523438 590.825622558594 598.128479003906 595.467224121094 593.666015625 595.522827148438 595.498413085938 591.37939453125 586.640075683594 598.692993164062 597.522277832031 593.986694335938 607.08251953125 596.865478515625 589.768920898438 601.4697265625 593.816101074219 586.605224609375 584.412170410156 587.92529296875
695.37548828125 717.602783203125 671.544372558594 671.024169921875 696.204528808594 650.095092773438 640.79052734375 646.025817871094 647.092529296875 645.661682128906 640.096984863281 625.971008300781 625.573974609375 632.963623046875 647.947021484375 650.457580566406 643.948120117188 634.059204101562 635.205871582031 632.651184082031 627.604187011719 620.09228515625 623.972595214844 629.544311523438 633.951782226562 620.996826171875 608.747192382812 598.149169921875 605.240905761719 605.684692382812 604.171325683594 605.295776367188 591.200988769531 582.178588867188 601.009826660156 600.341003417969 597.327575683594 597.236511230469 601.883422851562 604.519775390625 604.855285644531 602.19921875 597.599487304688 595.185607910156 615.25537109375 606.425415039062 596.738708496094 605.06689453125 598.76611328125 591.557189941406 586.6865234375 597.315979003906
695.73828125 715.060424804688 708.509582519531 702.133972167969 694.491027832031 670.793884277344 645.304077148438 624.10107421875 619.00048828125 617.716125488281 619.866027832031 626.181396484375 620.785400390625 620.662414550781 627.010986328125 623.994018554688 620.99609375 618.599182128906 617.814208984375 618.603576660156 615.351013183594 599.7119140625 603.248474121094 607.161682128906 604.814514160156 578.406127929688 576.120422363281 595.873413085938 585.606811523438 581.838928222656 586.967712402344 611.874816894531 620.377075195312 627.599487304688 644.756774902344 651.307312011719 653.079772949219 651.36767578125 659.270874023438 658.801574707031 650.588073730469 643.002014160156 646.492919921875 653.372375488281 651.772888183594 646.093627929688 634.111206054688 612.619873046875 616.033020019531 604.642578125 574.563720703125 593.213012695312
663.31640625 675.967895507812 679.204772949219 675.694885253906 666.9951171875 655.035095214844 639.231384277344 621.598327636719 603.936218261719 606.759094238281 616.429077148438 627.518371582031 618.84130859375 615.049926757812 618.547607421875 611.111999511719 614.307373046875 622.06982421875 615.118225097656 611.792907714844 604.229187011719 581.893676757812 591.419616699219 595.387390136719 579.933410644531 570.862121582031 575.877380371094 589.914672851562 578.074401855469 574.598693847656 579.672973632812 595.628601074219 606.447326660156 617.995422363281 635.382873535156 651.376586914062 658.337829589844 654.846008300781 667.215026855469 666.201416015625 654.989074707031 660.51123046875 659.053588867188 655.655883789062 659.410095214844 668.356689453125 666.206726074219 640.623413085938 639.640625 633.687194824219 619.211181640625 629.557922363281
623.8505859375 630.312072753906 629.225524902344 628.803100585938 628.824829101562 627.028991699219 627.424377441406 623.169006347656 600.709106445312 610.119018554688 622.568115234375 626.464782714844 617.166076660156 613.949584960938 617.865417480469 607.620727539062 615.563293457031 631.1337890625 619.425109863281 611.896301269531 600.327880859375 573.824523925781 586.439025878906 589.795288085938 567.924377441406 580.432922363281 587.774780273438 586.504028320312 576.221801757812 575.699279785156 579.354797363281 575.937316894531 578.100830078125 585.956176757812 602.632202148438 622.414916992188 633.223083496094 631.927673339844 649.740112304688 651.76318359375 642.561279296875 660.585510253906 653.341491699219 640.31689453125 654.020629882812 675.474487304688 684.993408203125 666.830688476562 661.19873046875 662.851989746094 670.554626464844 665.983703613281
606.16748046875 614.018127441406 606.581176757812 598.555419921875 593.022827148438 611.270812988281 613.518798828125 610.993103027344 618.071411132812 632.436218261719 634.932373046875 610.845275878906 613.307922363281 617.765075683594 621.404602050781 613.605285644531 618.042785644531 628.729614257812 625.207214355469 622.783020019531 616.62158203125 597.311584472656 589.747314453125 588.230773925781 592.657775878906 593.246520996094 592.217529296875 588.887817382812 575.187072753906 578.86962890625 588.201477050781 576.305725097656 565.260314941406 560.549072265625 570.40771484375 576.423217773438 585.634094238281 601.532775878906 623.33251953125 635.589416503906 639.254272460938 639.882202148438 643.034118652344 647.256713867188 648.36572265625 661.456420898438 671.156982421875 666.1376953125 668.386291503906 671.078674316406 671.608215332031 648.180725097656
604.008972167969 610.791076660156 611.636413574219 609.7822265625 606.6044921875 605.308227539062 607.854309082031 612.305603027344 617.202270507812 620.288513183594 620.473510742188 616.844299316406 623.0615234375 622.263305664062 611.682373046875 596.576416015625 604.585815429688 623.202819824219 617.473022460938 616.592529296875 614.218200683594 602.287414550781 598.136474609375 594.019470214844 587.975280761719 593.2802734375 589.849914550781 577.370910644531 569.824584960938 574.522521972656 582.294982910156 574.515014648438 562.883422851562 560.696411132812 581.872375488281 572.92822265625 572.610412597656 591.267272949219 600.656372070312 614.611328125 630.840881347656 631.994873046875 619.304382324219 604.769104003906 607.468200683594 627.751770019531 645.755615234375 649.114990234375 650.463623046875 651.307006835938 650.406921386719 634.637329101562
606.439025878906 612.88037109375 618.074523925781 620.564575195312 618.919372558594 604.730529785156 605.106872558594 611.096313476562 613.061218261719 603.054382324219 602.291015625 623.110595703125 633.344970703125 631.098083496094 616.390502929688 599.057373046875 608.63330078125 630.383728027344 620.815307617188 620.343383789062 621.734985351562 618.118530273438 607.816528320312 597.099487304688 588.585021972656 595.981811523438 590.415588378906 572.379028320312 567.34521484375 570.77978515625 576.697509765625 573.344970703125 567.4697265625 569.607727050781 591.336975097656 575.580810546875 570.980529785156 588.936828613281 582.139282226562 594.530395507812 621.162719726562 619.4296875 589.244506835938 558.200073242188 575.282775878906 595.704406738281 612.856323242188 621.590087890625 621.130981445312 620.002624511719 619.335021972656 614.248291015625
610.039611816406 617.862670898438 615.490478515625 613.158020019531 610.5869140625 609.385620117188 604.164672851562 600.55517578125 610.403503417969 592.52490234375 588.966674804688 624.410583496094 637.508728027344 645.592590332031 650.46142578125 642.84130859375 647.530822753906 658.527282714844 648.133178710938 647.853881835938 653.061218261719 660.547607421875 618.693786621094 593.84521484375 611.419006347656 607.526977539062 598.534912109375 583.895385742188 571.50732421875 571.304870605469 576.414428710938 573.951599121094 578.468505859375 582.739990234375 577.729125976562 570.852783203125 574.457580566406 593.653686523438 569.944519042969 578.578796386719 610.919921875 593.989929199219 556.440307617188 525.843322753906 572.654113769531 575.832885742188 572.833923339844 582.922912597656 584.155517578125 581.851989746094 576.885925292969 581.283386230469
607.566223144531 614.248291015625 614.390686035156 610.611083984375 605.962524414062 610.903869628906 609.730712890625 605.479125976562 600.82177734375 589.876098632812 587.635803222656 603.840515136719 618.002502441406 629.833190917969 639.408813476562 648.819519042969 650.503784179688 649.570617675781 661.093383789062 662.835327148438 661.954284667969 664.365783691406 649.804016113281 622.553283691406 584.402709960938 597.036987304688 599.807373046875 587.218383789062 574.222412109375 571.356872558594 573.213195800781 570.147216796875 572.081420898438 574.534484863281 574.104614257812 570.949584960938 573.794128417969 583.85107421875 573.207214355469 573.02392578125 581.545471191406 577.032470703125 563.504272460938 554.098510742188 574.107727050781 570.447814941406 564.299987792969 566.956176757812 569.616271972656 572.272277832031 574.228820800781 569.005615234375
605.6875 609.800720214844 612.471984863281 607.572021484375 599.88330078125 608.835815429688 611.83642578125 609.483276367188 599.549987792969 587.527099609375 583.741821289062 595.897583007812 612.601318359375 621.219177246094 622.4697265625 644.313415527344 649.400207519531 645.443420410156 656.994018554688 659.751525878906 659.299682617188 659.902099609375 663.638305664062 643.045227050781 587.226379394531 594.561279296875 599.648010253906 594.963317871094 586.525390625 579.771484375 574.024780273438 567.926696777344 570.653991699219 573.665710449219 570.436401367188 570.334899902344 572.681518554688 576.795104980469 571.010375976562 568.147094726562 568.3701171875 567.003784179688 566.567504882812 566.858520507812 567.870788574219 566.247314453125 563.134826660156 558.939819335938 563.555419921875 566.482299804688 565.631774902344 564.525207519531
605.260681152344 604.368286132812 609.907104492188 603.635681152344 591.673583984375 603.343322753906 608.788513183594 610.135314941406 606.189270019531 585.5341796875 577.464721679688 600.432922363281 620.007629394531 620.910217285156 600.07861328125 632.791320800781 647.155212402344 648.755126953125 637.743713378906 640.001708984375 645.817626953125 648.267272949219 654.164978027344 647.603576660156 621.055725097656 604.750915527344 602.051513671875 608.363708496094 606.360778808594 594.431213378906 578.981506347656 568.453979492188 575.98388671875 581.223388671875 565.793884277344 567.873779296875 570.758972167969 571.192626953125 562.018615722656 562.435119628906 570.784729003906 562.150512695312 558.814208984375 557.556579589844 553.584228515625 560.086303710938 564.03759765625 556.597412109375 562.867919921875 560.960327148438 547.042297363281 565.380004882812
605.107971191406 606.32568359375 610.935119628906 602.192687988281 587.245971679688 597.659973144531 601.422973632812 600.568603515625 595.572692871094 592.866821289062 588.160888671875 579.325927734375 583.831787109375 592.604614257812 604.048522949219 614.083618164062 628.600219726562 641.643127441406 631.568176269531 623.663513183594 620.124572753906 625.623779296875 627.165710449219 621.706420898438 608.152587890625 625.606201171875 630.220275878906 618.565185546875 600.277770996094 588.774475097656 581.719421386719 576.028198242188 573.52490234375 571.241516113281 566.943969726562 562.102783203125 561.041320800781 564.769226074219 561.696411132812 555.968017578125 549.089416503906 546.54638671875 544.847778320312 544.606384277344 548.151123046875 545.423278808594 545.6884765625 555.141418457031 559.388977050781 555.973083496094 546.520385742188 564.848388671875
603.945922851562 606.514282226562 604.855224609375 597.607727050781 589.066528320312 595.197021484375 597.426513671875 596.187377929688 590.4404296875 584.015014648438 575.534606933594 564.51318359375 569.52001953125 578.310424804688 587.247375488281 583.395812988281 596.91552734375 616.777893066406 608.325805664062 602.777526855469 597.698120117188 590.364379882812 595.844177246094 599.27978515625 596.71630859375 619.53857421875 627.903381347656 617.924499511719 597.198486328125 586.895690917969 583.519470214844 582.050170898438 576.030212402344 569.13671875 563.879516601562 558.030212402344 555.24658203125 556.752685546875 558.253112792969 552.027709960938 541.426513671875 544.758117675781 545.245910644531 544.017517089844 543.037719726562 538.257385253906 538.1162109375 548.838989257812 551.488525390625 552.034301757812 552.973083496094 566.852905273438
603.083129882812 605.210083007812 594.294311523438 588.716674804688 588.626098632812 591.921020507812 593.054870605469 592.434387207031 587.611389160156 572.543518066406 560.768798828125 561.651672363281 573.101196289062 577.746826171875 573.21142578125 561.22021484375 570.36767578125 587.777404785156 579.478271484375 581.390014648438 579.155883789062 556.504516601562 570.257385253906 583.519897460938 587.422973632812 600.168823242188 607.625671386719 608.484680175781 595.241088867188 587.777770996094 584.726501464844 585.657287597656 580.818725585938 572.604370117188 560.629821777344 556.337707519531 552.813720703125 549.115783691406 552.471313476562 549.036499023438 541.2998046875 548.177917480469 550.804626464844 549.807922363281 541.060119628906 537.602111816406 538.161926269531 544.109802246094 544.539306640625 549.832824707031 562.357421875 569.1865234375
606.537902832031 597.543518066406 584.786926269531 570.403625488281 559.141723632812 574.967224121094 577.070190429688 574.466674804688 577.530517578125 596.106811523438 608.334777832031 602.002380371094 585.695922851562 593.335571289062 624.943176269531 612.200988769531 599.257019042969 587.718017578125 577.906127929688 570.972473144531 567.902526855469 572.272094726562 577.975524902344 583.669677734375 589.109313964844 600.643371582031 599.293823242188 586.38818359375 586.020629882812 586.327880859375 586.158386230469 583.024780273438 580.247680664062 576.367614746094 569.661499023438 559.606323242188 552.932922363281 551.415283203125 546.640686035156 542.936828613281 539.841369628906 532.867614746094 537.659423828125 547.544921875 553.62451171875 542.511596679688 538.842102050781 558.871276855469 553.599914550781 552.462524414062 560.273071289062 565.407592773438
598.281127929688 592.570129394531 579.866394042969 559.32373046875 539.416809082031 552.285400390625 562.213806152344 569.048217773438 572.389099121094 597.627014160156 616.938110351562 614.695129394531 603.227111816406 610.004516601562 634.734924316406 629.154724121094 623.023986816406 614.400512695312 588.646301269531 578.416870117188 575.378479003906 574.760314941406 577.816284179688 580.02197265625 580.114624023438 587.675903320312 588.084411621094 581.608581542969 581.340026855469 584.439819335938 587.200988769531 581.651428222656 574.499084472656 567.682983398438 562.789489746094 557.500183105469 555.43798828125 556.726196289062 544.791320800781 538.045776367188 536.021728515625 528.227600097656 530.885070800781 539.682983398438 550.208374023438 547.748413085938 547.961669921875 560.472106933594 562.566223144531 562.7578125 563.498718261719 571.180786132812
590.007019042969 591.307983398438 576.393310546875 552.135925292969 526.616088867188 534.372375488281 549.81640625 566.550170898438 576.481872558594 597.963806152344 615.317321777344 620.095825195312 622.003479003906 624.400512695312 627.470275878906 627.830810546875 631.125915527344 629.910217285156 593.432189941406 586.031005859375 585.906188964844 574.381713867188 576.050720214844 575.924987792969 569.246215820312 571.660278320312 577.030212402344 583.466613769531 580.9248046875 583.061279296875 585.828125 578.808288574219 570.251220703125 561.858581542969 555.10107421875 555.68798828125 558.603820800781 561.972717285156 545.432678222656 537.65771484375 537.860107421875 532.013000488281 531.741577148438 536.031677246094 545.942626953125 553.374816894531 557.744018554688 557.721984863281 567.869995117188 572.720520019531 570.382202148438 581.409606933594
592.4580078125 595.976928710938 572.377075195312 547.885314941406 526.963806152344 533.231384277344 542.560974121094 559.611083984375 600.418273925781 615.948120117188 624.622497558594 630.969787597656 638.705810546875 631.86181640625 609.895324707031 613.411682128906 606.69580078125 591.549194335938 572.563110351562 577.654174804688 586.723876953125 579.523681640625 577.966979980469 574.334777832031 564.883422851562 560.949279785156 569.232788085938 587.592224121094 586.565124511719 583.098876953125 578.092529296875 571.229675292969 573.895080566406 574.186584472656 559.713928222656 559.534118652344 561.153625488281 561.744323730469 548.42138671875 546.931030273438 554.609985351562 546.372985839844 544.782775878906 547.835876464844 553.560485839844 559.68017578125 561.447570800781 554.158813476562 564.682922363281 574.802917480469 582.739624023438 586.611083984375
596.6533203125 588.844909667969 575.689392089844 553.815124511719 529.77978515625 528.447998046875 551.216918945312 583.9951171875 613.853271484375 621.334411621094 623.188720703125 625.151916503906 620.6259765625 605.610107421875 582.332580566406 578.580200195312 580.487426757812 580.298706054688 556.695617675781 560.890075683594 571.269226074219 568.396911621094 571.609375 573.912902832031 572.123413085938 561.222412109375 565.668884277344 582.936401367188 578.696716308594 575.767822265625 573.985473632812 570.887573242188 561.268493652344 554.766906738281 560.344970703125 561.080993652344 559.011474609375 554.242919921875 546.932922363281 549.12158203125 557.116088867188 549.117370605469 549.167114257812 553.703125 557.998229980469 563.2744140625 566.916076660156 566.779296875 565.589172363281 570.106811523438 -9999 -9999
597.408386230469 585.425476074219 569.01318359375 559.748901367188 555.546813964844 547.116271972656 572.246276855469 607.510070800781 625.146728515625 624.569519042969 617.646484375 607.524169921875 595.659790039062 581.12841796875 564.94287109375 559.173828125 562.641723632812 566.525573730469 543.2490234375 547.55810546875 559.167785644531 560.79248046875 564.35498046875 564.497314453125 558.793884277344 554.987487792969 560.709899902344 572.934875488281 565.442687988281 566.577575683594 571.873718261719 571.381774902344 556.909973144531 548.176025390625 563.137084960938 562.704528808594 558.910522460938 554.411926269531 550.083190917969 550.296569824219 553.60498046875 551.47802734375 553.476318359375 557.635681152344 561.50537109375 564.706787109375 566.183288574219 564.764526367188 565.913696289062 579.014099121094 -9999 -9999
592.864929199219 590.792785644531 548.542175292969 563.901184082031 616.125427246094 598.551025390625 602.621398925781 619.484680175781 633.962890625 625.650573730469 608.183288574219 576.265380859375 572.802124023438 569.891723632812 567.450622558594 567.140075683594 557.958312988281 541.866516113281 533.112976074219 543.045715332031 556.468872070312 562.819274902344 558.625122070312 543.330627441406 510.309204101562 538.585205078125 554.515625 555.916687011719 550.044677734375 557.772094726562 571.400817871094 570.805114746094 567.694091796875 566.987426757812 570.141418457031 564.469970703125 562.481018066406 567.001586914062 560.889099121094 552.75341796875 543.180114746094 556.351379394531 559.929992675781 560.343017578125 564.708312988281 564.534301757812 556.902221679688 537.393188476562 565.423217773438 583.86181640625 587.713684082031 -9999
