Variables/MIS5a/npp.asc
NCOLS 258 
NROWS 132 
XLLCORNER -10.933275447 
YLLCORNER 36.059072361 
CELLSIZE 0.11561 
NODATA_value -9999 
[rows 69 to 91 of 132, columns 0 to 51 of 258]
-9999 -9999 -9999 -9999 -9999 -9999 -9999 -9999 -9999 -9999 -9999 -9999 -9999 -9999 -9999 -9999 856.853088378906 857.51123046875 831.220581054688 656.300903320312 604.963623046875 602.527770996094 705.3134765625 810.788818359375 809.478088378906 794.917114257812 785.164184570312 785.506713867188 737.520629882812 708.654907226562 705.057189941406 708.632690429688 699.331176757812 685.509216308594 686.767578125 688.216613769531 689.248291015625 689.354187011719 696.367614746094 701.151123046875 700.673278808594 695.379272460938 689.710571289062 685.308227539062 689.264770507812 694.009887695312 694.896484375 680.745788574219 680.921997070312 683.606994628906 682.213500976562 666.353088378906
-9999 -9999 -9999 -9999 -9999 -9999 -9999 -9999 -9999 -9999 -9999 -9999 -9999 -9999 -9999 866.38818359375 873.654174804688 874.402526855469 881.188720703125 871.291809082031 850.851623535156 838.528076171875 821.001770019531 805.145080566406 799.6201171875 769.519775390625 748.427673339844 749.396179199219 725.1455078125 704.172790527344 690.75732421875 685.518615722656 672.076293945312 658.961486816406 669.052795410156 668.509094238281 665.361022949219 665.368225097656 661.304870605469 659.542785644531 662.265625 666.585876464844 664.90869140625 660.148376464844 669.548583984375 669.476684570312 668.129211425781 681.527893066406 678.965270996094 676.164978027344 682.112121582031 668.075378417969
-9999 -9999 -9999 -9999 -9999 -9999 -9999 -9999 -9999 -9999 -9999 -9999 -9999 -9999 860.187683105469 872.020324707031 872.97998046875 866.402221679688 885.731323242188 873.214782714844 840.351928710938 809.959228515625 791.035522460938 778.074279785156 771.536926269531 733.239501953125 701.682312011719 689.807373046875 700.22607421875 700.495971679688 690.608276367188 672.862426757812 657.8095703125 646.843322753906 647.477294921875 640.849426269531 636.104187011719 643.144104003906 620.234619140625 611.987121582031 628.792602539062 642.549987792969 643.159606933594 633.582824707031 648.81591796875 641.02392578125 633.967224121094 692.103515625 681.123718261719 666.429077148438 684.143188476562 685.140686035156
-9999 -9999 -9999 -9999 -9999 -9999 -9999 -9999 -9999 -9999 -9999 -9999 -9999 -9999 -9999 861.595275878906 862.773681640625 850.684204101562 853.799621582031 836.575317382812 809.514282226562 809.315795898438 775.091613769531 735.008972167969 717.639526367188 696.061218261719 679.822570800781 673.796813964844 674.89697265625 673.405578613281 667.946594238281 655.519226074219 642.630920410156 631.36962890625 628.116027832031 618.881103515625 606.483581542969 591.809814453125 586.134521484375 609.685180664062 669.482421875 684.885986328125 689.320922851562 687.966613769531 691.715209960938 685.932312011719 678.161499023438 682.322021484375 674.530517578125 669.349670410156 676.621520996094 682.953186035156
-9999 -9999 -9999 -9999 -9999 -9999 -9999 -9999 -9999 -9999 -9999 -9999 -9999 -9999 -9999 848.441528320312 851.561706542969 835.271789550781 821.621215820312 805.476379394531 791.256225585938 794.944396972656 758.847473144531 714.6328125 693.806213378906 681.691528320312 674.962097167969 672.951599121094 660.822387695312 653.858581542969 651.818908691406 638.551513671875 627.59130859375 616.437683105469 597.035888671875 594.148986816406 594.519226074219 588.35009765625 584.947814941406 611.835571289062 675.104919433594 677.052917480469 663.186401367188 647.210876464844 665.864929199219 663.968383789062 651.093627929688 641.909118652344 637.661071777344 640.391723632812 653.647827148438 656.633972167969
-9999 -9999 -9999 -9999 -9999 -9999 -9999 -9999 -9999 -9999 -9999 -9999 -9999 -9999 -9999 -9999 835.642028808594 822.420288085938 795.232116699219 782.84912109375 779.104187011719 767.777770996094 736.503479003906 702.351013183594 682.449279785156 676.798278808594 675.620422363281 676.331604003906 655.794372558594 645.437927246094 645.4697265625 628.875183105469 615.185729980469 601.227783203125 577.129577636719 582.712829589844 596.54638671875 605.422607421875 597.707214355469 610.991577148438 655.27001953125 642.996826171875 615.828796386719 586.605712890625 621.096984863281 622.918884277344 608.551513671875 602.486206054688 601.614990234375 608.267211914062 627.406677246094 624.272216796875
-9999 -9999 -9999 -9999 -9999 -9999 -9999 -9999 -9999 -9999 -9999 -9999 -9999 -9999 -9999 -9999 827.057922363281 818.3740234375 787.396423339844 776.757385253906 771.901977539062 720.631774902344 697.704284667969 684.361389160156 670.083923339844 670.229370117188 670.848083496094 668.260192871094 662.903686523438 659.328430175781 657.088012695312 640.561584472656 610.603088378906 583.123779296875 606.941528320312 614.238525390625 617.207885742188 620.999877929688 608.829284667969 596.674072265625 587.824584960938 599.343811035156 603.653015136719 602.43701171875 612.468200683594 616.414123535156 615.168212890625 607.208129882812 607.49658203125 609.465881347656 609.523193359375 605.281616210938
-9999 -9999 -9999 -9999 -9999 -9999 -9999 -9999 -9999 -9999 -9999 -9999 -9999 -9999 -9999 -9999 -9999 811.167419433594 785.583984375 780.85400390625 780.157592773438 719.970275878906 698.246215820312 692.431518554688 685.5078125 678.525512695312 674.284912109375 673.763610839844 662.022277832031 650.5869140625 641.339721679688 635.130126953125 619.700622558594 604.210571289062 611.88427734375 614.431884765625 608.628173828125 589.210815429688 616.585815429688 623.304382324219 591.154602050781 601.60400390625 609.194702148438 610.549682617188 613.604370117188 612.52490234375 609.586975097656 608.152587890625 610.335876464844 612.893310546875 613.6220703125 605.876708984375
-9999 -9999 -9999 -9999 -9999 -9999 -9999 -9999 -9999 -9999 -9999 -9999 -9999 -9999 -9999 -9999 -9999 805.157287597656 787.743408203125 779.325317382812 784.916015625 731.845397949219 707.510070800781 697.006469726562 691.619323730469 682.169189453125 675.987182617188 675.567687988281 653.767028808594 632.400817871094 615.690124511719 616.322326660156 617.431091308594 615.593627929688 601.301513671875 610.826721191406 608.882995605469 560.956787109375 617.706176757812 643.023071289062 600.4453125 610.822814941406 617.226013183594 616.408325195312 616.752685546875 609.702087402344 602.060180664062 607.030517578125 612.557983398438 617.31201171875 619.917724609375 610.074829101562
-9999 -9999 -9999 -9999 -9999 -9999 -9999 -9999 -9999 -9999 -9999 -9999 -9999 -9999 -9999 -9999 -9999 800.104309082031 788.07861328125 771.456481933594 773.072509765625 746.551818847656 714.172119140625 685.273315429688 670.966918945312 671.510314941406 671.32373046875 665.455871582031 636.832214355469 608.917907714844 582.501220703125 583.343078613281 591.561584472656 597.137084960938 574.067077636719 611.650817871094 633.790283203125 559.239624023438 609.477478027344 633.991088867188 595.092102050781 612.801086425781 621.435424804688 621.876403808594 618.777404785156 607.172729492188 596.101928710938 603.893371582031 614.490173339844 622.066711425781 620.603393554688 611.788818359375
-9999 -9999 -9999 -9999 -9999 -9999 -9999 -9999 -9999 -9999 -9999 -9999 -9999 -9999 -9999 -9999 -9999 796.724914550781 785.003723144531 775.198791503906 760.20361328125 752.032287597656 713.933776855469 673.504699707031 661.071472167969 662.678283691406 665.417785644531 663.233703613281 632.048828125 611.464477539062 604.887329101562 597.857604980469 596.8203125 591.783630371094 554.5048828125 566.581420898438 586.774597167969 584.379211425781 611.987487792969 623.933715820312 607.345275878906 613.348022460938 614.994018554688 610.450927734375 603.048828125 596.885070800781 593.530212402344 597.602783203125 606.07177734375 612.907592773438 613.578674316406 608.015319824219
-9999 -9999 -9999 -9999 -9999 -9999 -9999 -9999 -9999 -9999 -9999 -9999 -9999 -9999 -9999 -9999 -9999 794.086120605469 780.445922851562 772.874572753906 757.197814941406 755.30322265625 714.491027832031 667.829711914062 649.824829101562 648.714172363281 649.1552734375 645.059509277344 623.609497070312 615.0078125 619.543212890625 610.815979003906 605.876220703125 598.047424316406 566.303283691406 564.192321777344 577.729675292969 602.355712890625 613.952575683594 617.279296875 612.900512695312 611.47021484375 606.463806152344 598.550415039062 593.451171875 596.039123535156 601.522521972656 602.669128417969 604.266784667969 606.383178710938 609.070983886719 606.027282714844
-9999 -9999 -9999 -9999 -9999 -9999 -9999 -9999 -9999 -9999 -9999 -9999 -9999 -9999 -9999 -9999 -9999 791.866821289062 774.441528320312 762.964111328125 763.712280273438 757.418701171875 717.096801757812 668.824890136719 637.517211914062 631.544311523438 624.7001953125 609.149475097656 611.240783691406 616.189575195312 623.9404296875 615.769714355469 613.270629882812 613.549926757812 606.519714355469 608.030883789062 613.367004394531 612.57958984375 613.48876953125 614.436828613281 614.231811523438 607.056030273438 598.466613769531 588.442504882812 593.936706542969 605.869873046875 619.02490234375 619.270629882812 610.576904296875 604.343322753906 607.815979003906 606.603698730469
-9999 -9999 -9999 -9999 -9999 -9999 -9999 -9999 -9999 -9999 -9999 -9999 -9999 -9999 -9999 -9999 -9999 790.000427246094 768.153381347656 763.902770996094 762.962707519531 761.158874511719 721.178283691406 672.643493652344 643.993713378906 633.572387695312 623.801818847656 609.458679199219 612.078308105469 618.935913085938 626.062622070312 615.611328125 612.055725097656 611.695983886719 604.984313964844 610.501586914062 615.176513671875 607.598205566406 610.444702148438 612.556030273438 610.450012207031 601.070495605469 600.422485351562 607.184509277344 609.222412109375 612.827514648438 618.253601074219 626.945007324219 614.21630859375 603.210510253906 608.464782714844 606.444274902344
-9999 -9999 -9999 -9999 -9999 -9999 -9999 -9999 -9999 -9999 -9999 -9999 -9999 -9999 -9999 -9999 -9999 -9999 763.973327636719 754.725280761719 747.066589355469 749.261901855469 728.041320800781 694.390380859375 653.619323730469 635.0498046875 622.818420410156 613.279174804688 617.042785644531 618.56640625 615.992919921875 612.193176269531 610.54638671875 609.5078125 605.421203613281 611.340393066406 615.73779296875 608.136779785156 606.572387695312 606.493286132812 606.511779785156 603.413330078125 607.283813476562 616.356506347656 618.585388183594 616.64501953125 615.452697753906 624.204284667969 619.044921875 612.779113769531 612.749877929688 606.622619628906
-9999 -9999 -9999 -9999 -9999 -9999 -9999 -9999 -9999 -9999 -9999 -9999 -9999 -9999 -9999 -9999 -9999 -9999 761.437072753906 740.218322753906 723.457885742188 730.734313964844 734.185180664062 721.670288085938 667.448913574219 638.497985839844 621.706420898438 617.222106933594 621.527221679688 616.166809082031 601.816772460938 609.453308105469 611.188720703125 609.235595703125 608.791320800781 613.181884765625 616.230285644531 612.163513183594 606.293090820312 603.481811523438 605.766479492188 610.677124023438 614.693786621094 618.237609863281 621.867126464844 617.292785644531 611.268798828125 615.588806152344 620.776977539062 623.132995605469 617.91552734375 607.853393554688
-9999 -9999 -9999 -9999 -9999 -9999 -9999 -9999 -9999 -9999 -9999 -9999 -9999 -9999 -9999 -9999 -9999 -9999 759.614318847656 732.838500976562 713.432373046875 728.945617675781 729.960083007812 720.040283203125 696.543518066406 655.348510742188 623.553527832031 613.044616699219 614.297180175781 613.954772949219 611.80419921875 618.862609863281 620.2548828125 618.129516601562 616.235412597656 616.227783203125 616.492004394531 615.828002929688 623.361328125 626.652526855469 621.92578125 615.639099121094 612.434814453125 612.477294921875 616.575012207031 612.549621582031 606.528503417969 609.497924804688 605.55810546875 604.850402832031 614.716369628906 612.559326171875
-9999 -9999 -9999 -9999 -9999 -9999 -9999 -9999 -9999 -9999 -9999 -9999 -9999 -9999 -9999 -9999 -9999 -9999 -9999 745.718200683594 732.285583496094 742.930114746094 740.078125 729.240112304688 711.958923339844 665.817321777344 630.538513183594 623.897705078125 623.529907226562 621.024475097656 616.468078613281 618.529724121094 622.41259765625 625.6298828125 622.612487792969 619.237426757812 615.434875488281 611.156677246094 618.259216308594 621.459777832031 615.880126953125 609.547607421875 609.8095703125 614.880187988281 614.13427734375 604.959716796875 595.877990722656 602.551025390625 600.8427734375 601.860107421875 612.955505371094 606.085327148438
-9999 -9999 -9999 -9999 -9999 -9999 -9999 -9999 -9999 -9999 -9999 -9999 -9999 -9999 -9999 -9999 -9999 -9999 -9999 745.930725097656 750.484680175781 753.721496582031 746.021484375 733.281005859375 718.916381835938 671.94482421875 638.029174804688 636.005615234375 634.911071777344 628.620971679688 618.199401855469 618.660522460938 623.353881835938 628.568176269531 625.466125488281 621.033874511719 615.604614257812 608.99658203125 609.750122070312 609.466674804688 605.950378417969 603.275207519531 607.689025878906 616.608276367188 613.38818359375 601.382080078125 589.705627441406 596.35791015625 599.667785644531 604.045288085938 612.285400390625 598.431274414062
-9999 -9999 -9999 -9999 -9999 -9999 -9999 -9999 -9999 -9999 -9999 -9999 -9999 -9999 -9999 -9999 -9999 -9999 -9999 744.60107421875 745.322570800781 742.387084960938 728.996887207031 714.864929199219 714.30078125 673.520324707031 642.087585449219 638.635986328125 636.280700683594 628.990173339844 618.285827636719 628.82373046875 627.866027832031 620.981506347656 620.769226074219 620.132080078125 619.947875976562 622.351684570312 613.639221191406 607.23876953125 606.627807617188 606.6083984375 607.025329589844 608.131774902344 614.055419921875 609.802917480469 600.839782714844 592.448913574219 597.409423828125 604.76220703125 610.03857421875 598.239074707031
-9999 -9999 -9999 -9999 -9999 -9999 -9999 -9999 -9999 -9999 -9999 -9999 -9999 -9999 -9999 -9999 -9999 -9999 -9999 743.285888671875 737.516296386719 737.912292480469 732.73828125 722.411804199219 703.915588378906 672.235290527344 646.977905273438 637.321228027344 634.700622558594 627.690185546875 618.474609375 632.468383789062 634.377990722656 630.133178710938 634.13037109375 627.080688476562 621.184814453125 627.268981933594 623.159423828125 617.293090820312 612.015991210938 608.409484863281 608.152770996094 609.987670898438 607.785888671875 606.870971679688 605.540283203125 599.979675292969 604.469970703125 607.635070800781 602.038513183594 600.412719726562
-9999 -9999 -9999 -9999 -9999 -9999 -9999 -9999 -9999 -9999 -9999 -9999 -9999 -9999 -9999 -9999 -9999 -9999 -9999 741.517028808594 728.114074707031 737.912414550781 739.647827148438 731.730895996094 706.214111328125 684.41162109375 664.038879394531 644.927795410156 631.793701171875 621.775329589844 616.235595703125 628.80712890625 631.668029785156 630.770629882812 641.31201171875 631.310119628906 620.493408203125 625.206481933594 624.941284179688 620.710388183594 612.642211914062 610.161987304688 608.964477539062 607.508728027344 599.632202148438 599.902282714844 603.371887207031 602.018920898438 605.441528320312 606.193786621094 598.918212890625 600.74462890625
-9999 -9999 -9999 -9999 -9999 -9999 -9999 -9999 -9999 -9999 -9999 -9999 -9999 -9999 -9999 -9999 -9999 -9999 755.792724609375 739.200988769531 717.515625 741.790405273438 743.791625976562 736.683288574219 726.679077148438 714.716186523438 696.743530273438 667.073120117188 629.846374511719 612.154113769531 612.974670410156 616.962280273438 615.981811523438 615.359985351562 634.384887695312 628.293212890625 617.590881347656 614.60498046875 614.36181640625 611.317504882812 604.534973144531 611.028625488281 607.747375488281 596.081176757812 591.301574707031 591.252807617188 593.002380371094 593.420776367188 594.733276367188 597.758972167969 603.913513183594 597.742980957031
