Variables/MIS5a/npp.asc
NCOLS 258 
NROWS 132 
XLLCORNER -10.933275447 
YLLCORNER 36.059072361 
CELLSIZE 0.11561 
NODATA_value -9999 
[rows 23 to 45 of 132, columns 104 to 155 of 258]
517.198913574219 514.424987792969 509.370788574219 508.153198242188 508.079986572266 506.202087402344 502.992095947266 481.267791748047 429.651489257812 427.641693115234 432.629486083984 436.181884765625 409.403289794922 412.561614990234 437.978393554688 472.260803222656 489.5537109375 498.245788574219 501.440307617188 497.959289550781 492.524810791016 484.565704345703 442.223602294922 426.726501464844 439.347198486328 453.668487548828 499.182403564453 549.788879394531 549.052124023438 550.3203125 549.405517578125 542.415588378906 551.144287109375 565.9052734375 584.252014160156 588.917907714844 592.911926269531 597.077026367188 600.460571289062 605.772827148438 607.761901855469 595.202514648438 600.630981445312 605.986083984375 601.833374023438 610.197021484375 613.9296875 610.142700195312 605.702026367188 598.057922363281 593.990112304688 622.482604980469
516.330383300781 511.162414550781 508.017791748047 508.143798828125 508.656890869141 505.938812255859 498.664886474609 476.009185791016 431.4169921875 434.884185791016 438.852508544922 433.681488037109 407.869506835938 406.641815185547 428.068603515625 474.853088378906 487.463500976562 487.311096191406 488.439208984375 491.395904541016 483.902801513672 460.2919921875 439.257598876953 439.943298339844 460.692413330078 483.147003173828 519.291320800781 553.617797851562 551.48388671875 550.700317382812 550.335815429688 549.906005859375 560.860229492188 576.460388183594 593.935424804688 596.142211914062 598.893798828125 603.525573730469 608.991088867188 609.996520996094 609.101989746094 609.425476074219 609.974487304688 608.964599609375 605.327026367188 613.354370117188 614.348815917969 605.740112304688 605.585388183594 601.6083984375 600.63720703125 630.466979980469
513.434020996094 499.954315185547 503.721313476562 503.043304443359 500.773010253906 499.726409912109 486.770690917969 465.764312744141 435.762786865234 442.438903808594 439.804290771484 423.436096191406 406.985595703125 401.071014404297 409.445190429688 460.878112792969 473.030090332031 471.773803710938 475.519714355469 483.297698974609 477.726593017578 451.56689453125 452.021209716797 468.342010498047 497.263702392578 523.019409179688 543.552795410156 557.059204101562 551.307983398438 548.886474609375 551.278198242188 562.21728515625 575.574279785156 588.892272949219 601.241027832031 604.027221679688 610.0126953125 618.329284667969 620.103088378906 614.843322753906 611.688720703125 627.094421386719 621.721130371094 613.981628417969 612.306823730469 615.926696777344 611.535888671875 597.643371582031 595.368286132812 597.254821777344 605.067321777344 632.074279785156
509.52880859375 498.884185791016 505.962005615234 497.043914794922 484.491302490234 482.825103759766 459.811614990234 438.128509521484 428.335693359375 442.837585449219 441.974212646484 424.424591064453 436.8037109375 441.327392578125 444.029998779297 461.730895996094 477.561492919922 488.734710693359 490.013092041016 468.711791992188 456.36669921875 464.309997558594 461.572387695312 485.805297851562 531.280883789062 530.317077636719 540.919677734375 553.068725585938 544.089416503906 557.303283691406 574.484069824219 584.422119140625 585.886108398438 590.46337890625 600.408874511719 601.036376953125 610.839172363281 624.974487304688 609.930725097656 612.445495605469 622.323181152344 627.254089355469 620.433776855469 613.103881835938 611.460571289062 619.944091796875 617.05322265625 599.850708007812 589.691223144531 595.505615234375 612.506713867188 627.613586425781
506.551086425781 501.1005859375 497.513885498047 490.994506835938 483.496185302734 476.745086669922 445.861511230469 422.458587646484 423.657409667969 441.302093505859 451.982696533203 451.660308837891 441.705505371094 430.378814697266 427.599914550781 465.347290039062 486.545196533203 497.524597167969 499.075408935547 489.006011962891 487.290802001953 500.820098876953 498.514801025391 513.723022460938 543.51220703125 549.532287597656 552.619506835938 555.610778808594 561.778503417969 571.919982910156 584.305480957031 598.238708496094 598.388916015625 599.447387695312 605.087524414062 609.963317871094 614.898620605469 618.077026367188 610.410583496094 617.065124511719 627.509094238281 625.948974609375 625.301879882812 623.587829589844 619.890075683594 630.477783203125 628.454284667969 607.97998046875 579.586181640625 589.451599121094 622.733581542969 631.928527832031
504.554901123047 502.910186767578 487.092987060547 481.477386474609 478.957214355469 471.597991943359 435.972412109375 411.835601806641 419.803405761719 442.904205322266 462.830902099609 473.886505126953 445.881408691406 426.089904785156 423.249694824219 472.192810058594 496.437591552734 507.87548828125 510.861694335938 511.593414306641 515.851989746094 525.647888183594 526.106628417969 534.635009765625 550.877380371094 562.11767578125 562.82177734375 561.527282714844 576.089111328125 583.926391601562 590.841186523438 600.602172851562 606.132202148438 610.893920898438 615.655578613281 621.600402832031 621.943725585938 617.397888183594 611.963012695312 619.452026367188 628.883483886719 622.772888183594 629.495483398438 634.310791015625 628.919982910156 640.149475097656 639.138122558594 619.428283691406 580.301208496094 592.901123046875 636.737670898438 640.627502441406
503.703308105469 503.074401855469 478.837493896484 466.034606933594 459.549713134766 460.822113037109 426.746704101562 404.657806396484 418.145812988281 451.442596435547 470.608795166016 473.149688720703 462.025909423828 462.489410400391 473.094604492188 483.638793945312 505.582885742188 525.485473632812 529.396179199219 519.011779785156 511.825592041016 512.303283691406 521.535217285156 536.852905273438 556.556091308594 555.850219726562 562.234008789062 570.461181640625 570.7158203125 587.667175292969 598.299011230469 583.518188476562 604.052124023438 622.631225585938 634.562316894531 631.323913574219 632.298217773438 634.244079589844 609.872375488281 613.797424316406 625.518127441406 616.954284667969 628.882080078125 639.104919433594 635.702575683594 644.030578613281 644.647888183594 634.039306640625 603.19677734375 615.583190917969 654.508483886719 652.577392578125
497.674591064453 488.404693603516 477.971588134766 465.808410644531 456.931488037109 459.930694580078 424.673095703125 409.314788818359 443.981994628906 456.638000488281 469.134185791016 481.769714355469 469.427398681641 472.849914550781 486.238800048828 493.127288818359 513.791870117188 533.487976074219 536.890075683594 529.634826660156 525.043212890625 528.492980957031 542.037780761719 553.806213378906 561.802429199219 562.348327636719 568.422790527344 577.441223144531 584.937072753906 595.860717773438 603.023620605469 599.951599121094 614.945678710938 623.755493164062 620.744018554688 625.8466796875 628.177185058594 625.638671875 611.658386230469 613.355712890625 621.633117675781 624.776000976562 628.902526855469 633.846313476562 639.432983398438 635.384887695312 633.109924316406 631.197570800781 595.128479003906 604.706726074219 642.247497558594 643.755615234375
498.208709716797 484.810211181641 479.291595458984 466.388488769531 454.932312011719 457.97119140625 426.484008789062 412.983306884766 444.150787353516 447.569213867188 459.656311035156 481.092590332031 468.763610839844 471.278198242188 484.233306884766 494.3671875 512.941284179688 531.029418945312 539.37451171875 535.593078613281 534.102172851562 540.088928222656 550.568115234375 557.712829589844 561.736389160156 568.98828125 573.92529296875 579.754516601562 594.639221191406 603.806579589844 610.976379394531 617.999572753906 624.755981445312 624.865783691406 617.333923339844 622.588012695312 622.574523925781 617.219299316406 611.963317871094 614.707824707031 621.823425292969 630.012329101562 632.296325683594 633.910095214844 637.076599121094 629.742919921875 626.275024414062 627.049987792969 605.345886230469 610.521911621094 632.435180664062 633.749572753906
505.987396240234 494.720306396484 481.724487304688 465.78271484375 452.380615234375 453.821014404297 432.956390380859 415.563385009766 412.882507324219 426.723388671875 444.769714355469 469.136413574219 461.659484863281 462.157012939453 469.304107666016 486.538208007812 502.953399658203 518.950012207031 537.368591308594 535.656127929688 535.463012695312 543.5703125 542.97119140625 547.434020996094 554.801818847656 574.309814453125 578.439575195312 577.990478515625 596.951416015625 610.125427246094 621.630920410156 633.97412109375 629.177612304688 626.673217773438 629.356079101562 623.769470214844 617.897827148438 610.993713378906 610.02587890625 617.128601074219 626.643371582031 630.270812988281 637.68798828125 640.241271972656 628.413696289062 631.267211914062 628.466125488281 619.789123535156 639.190307617188 639.817504882812 628.219787597656 627.341491699219
500.494293212891 490.409912109375 480.686096191406 473.065704345703 468.036407470703 467.989593505859 453.973999023438 442.906097412109 443.036712646484 448.027008056641 452.710601806641 457.377990722656 471.271911621094 465.50439453125 454.486389160156 481.719207763672 504.110900878906 522.187072753906 534.221130371094 536.98876953125 537.841613769531 539.61279296875 559.633972167969 574.431091308594 582.259582519531 587.376586914062 593.54052734375 600.92138671875 610.571716308594 611.913818359375 612.526184082031 617.497314453125 616.945678710938 615.740173339844 615.053283691406 615.791687011719 612.642028808594 607.305419921875 609.435485839844 619.481628417969 629.871215820312 628.302917480469 626.213012695312 626.863220214844 633.322082519531 646.019226074219 636.330627441406 605.161499023438 639.464721679688 647.176818847656 636.11328125 644.527221679688
501.167694091797 494.464294433594 486.038513183594 480.140991210938 476.886810302734 478.040100097656 472.402801513672 462.809387207031 450.36279296875 456.318511962891 461.789001464844 465.389892578125 480.532287597656 471.9296875 455.990386962891 479.558990478516 503.831085205078 524.606079101562 536.332885742188 539.665222167969 541.49072265625 545.158386230469 569.396484375 586.158020019531 593.278503417969 597.479614257812 606.005981445312 615.30126953125 617.774108886719 614.866088867188 612.977111816406 616.96142578125 612.50830078125 606.038818359375 599.844116210938 603.124328613281 605.440673828125 606.160278320312 606.814270019531 619.14892578125 631.946716308594 626.889709472656 624.061828613281 627.593322753906 642.115783691406 654.585815429688 642.098815917969 606.81982421875 630.23876953125 639.466125488281 636.981323242188 644.384094238281
506.630310058594 504.429992675781 495.831695556641 487.927612304688 482.572296142578 485.676788330078 488.197113037109 476.344299316406 440.103698730469 449.945892333984 464.445709228516 480.229705810547 483.27099609375 476.183410644531 467.294403076172 481.042999267578 503.358306884766 525.747314453125 541.36328125 543.462585449219 546.822387695312 555.802429199219 572.715515136719 585.277770996094 593.343994140625 603.726989746094 613.433898925781 621.262573242188 619.445373535156 617.715576171875 619.038879394531 626.361022949219 614.254272460938 600.016906738281 586.328918457031 591.713073730469 599.360778808594 607.416687011719 606.117126464844 618.874816894531 632.504577636719 626.440185546875 630.11328125 638.645629882812 651.943420410156 656.30419921875 645.027282714844 617.387390136719 620.016418457031 625.840393066406 632.195678710938 633.192077636719
510.092895507812 511.342010498047 504.034393310547 502.390411376953 502.280212402344 498.99560546875 504.465789794922 490.121185302734 438.950988769531 427.985809326172 435.532287597656 456.279693603516 455.65771484375 462.098297119141 474.866912841797 493.514312744141 510.434906005859 525.915100097656 539.380981445312 548.434692382812 556.65380859375 564.94482421875 574.8720703125 586.508178710938 598.62890625 602.098876953125 608.287475585938 615.069519042969 617.415100097656 614.507019042969 613.466674804688 620.215576171875 614.18310546875 605.634399414062 597.251098632812 602.374389648438 606.069519042969 609.515075683594 625.059814453125 628.531494140625 626.988098144531 629.433776855469 638.648071289062 646.270324707031 647.1845703125 649.478515625 642.373718261719 625.723388671875 632.411010742188 630.68212890625 624.837524414062 635.202087402344
493.579986572266 490.961303710938 490.192291259766 494.761199951172 499.751312255859 499.012603759766 505.739501953125 500.504608154297 471.572509765625 449.352111816406 445.780914306641 458.761413574219 453.570007324219 451.114013671875 456.603912353516 485.747100830078 510.696411132812 530.29541015625 540.716186523438 546.830871582031 552.299987792969 558.630981445312 570.831298828125 585.330200195312 599.944519042969 605.442077636719 608.9384765625 611.247680664062 612.2177734375 609.117370605469 606.060607910156 606.026672363281 603.710021972656 600.376892089844 597.386413574219 606.636901855469 610.895629882812 612.359069824219 627.725708007812 629.438171386719 627.362670898438 636.372192382812 642.771484375 647.213195800781 649.1630859375 646.905395507812 644.203979492188 641.086120605469 631.554504394531 626.29052734375 626.727172851562 637.880310058594
471.700286865234 465.015502929688 472.997497558594 483.03369140625 492.393188476562 497.273803710938 503.946899414062 508.267791748047 507.309814453125 481.517303466797 466.838195800781 466.340606689453 462.626708984375 448.831787109375 437.739898681641 474.956512451172 506.583709716797 531.035278320312 542.47607421875 543.240417480469 543.881103515625 547.842224121094 566.608825683594 584.411010742188 599.303283691406 605.876525878906 607.579772949219 606.910217285156 607.078674316406 604.493103027344 600.505310058594 595.535522460938 593.205322265625 593.258483886719 596.418029785156 609.487487792969 615.642517089844 616.306091308594 622.883422851562 628.57177734375 634.50732421875 643.016479492188 645.16162109375 647.834777832031 654.747314453125 646.607177734375 645.022521972656 651.234924316406 626.269104003906 619.790588378906 627.903015136719 637.030822753906
458.821807861328 456.907806396484 473.081207275391 486.587005615234 498.182312011719 507.634490966797 511.625305175781 512.650329589844 510.714385986328 491.374603271484 470.356414794922 451.509796142578 472.026702880859 467.087005615234 452.766693115234 480.247802734375 498.703002929688 516.088012695312 540.739929199219 541.921325683594 541.188415527344 544.26171875 569.402099609375 587.190490722656 595.703002929688 591.786682128906 593.327514648438 598.036010742188 605.848999023438 604.401916503906 602.380981445312 605.474670410156 595.194580078125 594.387817382812 608.24951171875 616.545471191406 622.737182617188 625.867919921875 616.61328125 633.557983398438 654.560791015625 643.800109863281 647.931823730469 655.63037109375 661.682678222656 647.155822753906 637.150390625 634.531188964844 624.93310546875 619.181823730469 617.642578125 625.34521484375
458.041809082031 457.607299804688 474.045501708984 490.494995117188 506.390502929688 521.104675292969 522.55712890625 521.845825195312 521.865478515625 497.503692626953 480.387512207031 476.369110107422 487.424285888672 490.757507324219 489.584014892578 493.980102539062 501.280914306641 512.851928710938 532.306213378906 536.060729980469 539.0869140625 547.255126953125 572.053771972656 586.140075683594 589.145324707031 597.112182617188 599.372924804688 599.579895019531 604.855102539062 599.756591796875 594.206787109375 595.381286621094 596.641174316406 600.237121582031 606.613586425781 610.101684570312 619.93408203125 632.230712890625 626.558715820312 635.810913085938 647.146728515625 639.49462890625 644.003173828125 653.107177734375 662.402770996094 629.487915039062 611.3251953125 618.333190917969 623.238525390625 625.597717285156 626.789184570312 630.760925292969
472.775085449219 472.672607421875 487.556793212891 504.165802001953 520.897216796875 535.892883300781 533.380920410156 531.353820800781 536.096618652344 505.302490234375 488.880493164062 491.657287597656 488.773803710938 497.664611816406 511.046600341797 507.798492431641 511.221588134766 518.251220703125 527.853088378906 534.843688964844 542.4169921875 552.29931640625 575.344421386719 584.257507324219 581.0615234375 595.815979003906 599.620422363281 599.435302734375 609.698425292969 605.447021484375 597.893920898438 593.8671875 597.810119628906 602.892822265625 607.465026855469 608.963684082031 620.354370117188 637.287109375 634.889282226562 638.078796386719 642.27880859375 639.572692871094 643.142517089844 648.73876953125 653.80517578125 620.084228515625 602.206604003906 609.695678710938 620.027404785156 628.939819335938 636.33837890625 641.817321777344
507.407287597656 509.567687988281 520.932312011719 532.788879394531 544.511779785156 550.962219238281 542.35888671875 539.2255859375 551.351196289062 516.384826660156 491.872711181641 479.916900634766 466.291198730469 477.252685546875 500.425415039062 519.134582519531 529.444702148438 533.566711425781 531.031616210938 543.295227050781 554.345825195312 560.247619628906 579.480529785156 582.518127441406 570.707275390625 576.977111816406 583.326293945312 592.996215820312 623.388488769531 628.269714355469 624.093017578125 613.533813476562 598.765625 598.682800292969 617.611877441406 621.3115234375 629.64208984375 639.862670898438 634.147216796875 640.863586425781 651.1865234375 649.08740234375 650.059326171875 645.658630371094 627.588623046875 631.241027832031 626.68310546875 612.046813964844 615.968322753906 626.072875976562 639.697021484375 655.59912109375
528.584228515625 535.348510742188 537.808227539062 544.182312011719 551.720520019531 557.153625488281 545.885009765625 539.58837890625 546.867980957031 508.739105224609 488.331390380859 491.976501464844 485.448394775391 501.68798828125 531.397216796875 552.593627929688 556.146911621094 552.728820800781 548.66162109375 553.789794921875 563.037109375 575.033874511719 578.206604003906 579.927978515625 581.259826660156 582.735900878906 592.520202636719 605.397583007812 611.983215332031 619.951721191406 621.382995605469 607.639587402344 600.020324707031 600.661071777344 610.540893554688 619.456115722656 629.582214355469 637.918212890625 628.735778808594 632.544616699219 642.428771972656 649.672180175781 655.533874511719 653.01220703125 635.478210449219 632.301879882812 626.588317871094 618.777893066406 645.948913574219 654.744323730469 651.904418945312 667.427978515625
543.633483886719 554.564208984375 553.010009765625 554.492614746094 557.443786621094 560.168884277344 549.847412109375 543.118713378906 546.1572265625 507.118591308594 491.812194824219 506.669891357422 513.081115722656 531.207885742188 556.526184082031 578.053405761719 576.2626953125 566.770874023438 560.368774414062 562.447814941406 570.674377441406 584.456787109375 581.969787597656 583.697387695312 589.786376953125 586.577209472656 597.375 611.809814453125 608.435607910156 615.269470214844 616.696411132812 599.221984863281 600.771179199219 604.934814453125 608.532592773438 619.735473632812 631.8369140625 640.953918457031 630.932922363281 633.728088378906 642.585388183594 648.950317382812 653.611572265625 652.469482421875 641.348327636719 640.146789550781 636.927490234375 633.704895019531 672.158325195312 672.449523925781 650.779479980469 670.0908203125
553.403015136719 566.972717285156 566.55078125 564.20068359375 562.140808105469 560.396484375 554.669311523438 549.03759765625 546.962829589844 511.854187011719 503.888885498047 522.939819335938 543.385681152344 558.090698242188 571.615417480469 591.986999511719 586.993530273438 574.518920898438 564.973388671875 567.514892578125 575.623291015625 588.651794433594 590.493774414062 593.1201171875 595.837524414062 587.278686523438 595.857482910156 610.568176269531 613.933288574219 617.65478515625 613.803588867188 590.781982421875 602.658874511719 611.452087402344 611.308288574219 623.149169921875 636.143127441406 648.540588378906 640.091796875 644.41748046875 652.449890136719 648.149719238281 646.486328125 644.872985839844 643.906982421875 655.723022460938 659.437805175781 654.543090820312 687.985900878906 672.151916503906 632.398071289062 658.481384277344
