Variables/MIS5a/wtemp.asc
NCOLS 258 
NROWS 132 
XLLCORNER -10.933275447 
YLLCORNER 36.059072361 
CELLSIZE 0.11561 
NODATA_value -9999 
[rows 46 to 68 of 132, columns 156 to 207 of 258]
10.4799404144287 9.97408008575439 9.29736423492432 9.02416324615479 8.75227928161621 8.3550910949707 8.63783264160156 10.0638704299927 12.4884004592896 13.9720802307129 14.9893198013306 15.7210702896118 16.3630790710449 16.6847095489502 16.8227996826172 16.7908000946045 16.2614994049072 16.0450305938721 16.370569229126 15.6104803085327 15.0637998580933 14.775110244751 14.2743902206421 14.1985702514648 14.2725801467896 14.0103302001953 14.2077903747559 13.9907999038696 12.6193504333496 12.7947301864624 13.5027904510498 14.5616397857666 15.6156597137451 16.1068992614746 16.026309967041 15.2168703079224 14.6168203353882 14.2914896011353 14.5004596710205 15.3650302886963 16.2578506469727 16.871509552002 17.3404006958008 17.6202297210693 17.6909198760986 17.5954208374023 17.8131999969482 18.2067909240723 18.3317699432373 18.3967094421387 18.4578895568848 18.575159072876
11.0340900421143 11.262749671936 10.752610206604 10.8813104629517 10.787260055542 10.1098804473877 10.3438196182251 11.63623046875 13.7631702423096 14.8690900802612 15.9347496032715 16.9110107421875 17.4201507568359 17.4725494384766 17.4023704528809 17.4297008514404 17.1993999481201 17.0777893066406 17.1577606201172 16.7123508453369 16.4030895233154 16.2502193450928 15.9567403793335 15.9372396469116 16.022439956665 15.9257097244263 15.7248296737671 15.2721700668335 14.4036598205566 14.8118000030518 15.418399810791 15.9671802520752 16.4037094116211 16.3098392486572 15.8398303985596 15.6219997406006 15.6740398406982 15.8493995666504 16.0173797607422 16.6770896911621 17.3427906036377 17.7518501281738 17.943510055542 18.110860824585 18.2791309356689 18.3597202301025 18.5254707336426 18.7173500061035 18.7263202667236 18.7165393829346 18.7437305450439 18.85080909729
12.5827198028564 13.3266296386719 12.7147903442383 13.0549697875977 13.3057298660278 12.7928600311279 12.6506900787354 13.4146795272827 15.0353498458862 16.4099597930908 17.2077693939209 17.6367607116699 17.9293193817139 17.9868907928467 17.972339630127 17.9637603759766 17.94993019104 17.9630508422852 18.0034408569336 17.9449195861816 17.8710193634033 17.8077793121338 17.7651100158691 17.6428604125977 17.5718307495117 17.7208404541016 17.0402908325195 16.4793796539307 16.7116508483887 16.772029876709 17.0664806365967 17.6237392425537 16.8897399902344 16.1829605102539 15.6631898880005 16.4367809295654 17.1974506378174 17.8381900787354 18.0009899139404 18.204309463501 18.4054298400879 18.4862899780273 18.5008792877197 18.5430202484131 18.6212596893311 18.6682605743408 18.8334693908691 19.0494804382324 19.0345802307129 18.9435291290283 18.9329700469971 18.9833297729492
10.9248304367065 10.968090057373 10.7382297515869 11.5549201965332 12.8433399200439 14.5165596008301 14.8182497024536 15.6542301177979 17.1018505096436 17.6891002655029 18.0060691833496 18.1592998504639 18.2546195983887 18.2797107696533 18.2898597717285 18.3251705169678 18.334020614624 18.3462295532227 18.369140625 18.3690891265869 18.3714904785156 18.3776798248291 18.3817195892334 18.3956203460693 18.4207592010498 18.4628505706787 18.2299308776855 18.0429592132568 18.1335906982422 18.2527694702148 18.369930267334 18.4514598846436 18.0493507385254 17.5207996368408 17.0637702941895 17.659049987793 18.1289691925049 18.4665203094482 18.5853996276855 18.6837902069092 18.8031101226807 18.9672203063965 18.9446105957031 18.8468704223633 18.7058200836182 18.8053894042969 18.9146595001221 19.0049591064453 19.0386390686035 19.0858993530273 19.1214694976807 19.1570701599121
10.7027196884155 11.2346000671387 11.7834196090698 13.0598802566528 14.6370496749878 16.3400192260742 16.816650390625 17.3419799804688 18.0309600830078 18.2509307861328 18.352560043335 18.399829864502 18.446870803833 18.4620304107666 18.4787197113037 18.5276794433594 18.5532703399658 18.5856399536133 18.6345500946045 18.6728591918945 18.6897106170654 18.6935806274414 18.7312602996826 18.776330947876 18.8213996887207 18.8548393249512 18.823600769043 18.796480178833 18.8258399963379 18.9426403045654 18.9907608032227 18.9259204864502 18.8044891357422 18.568510055542 18.3329391479492 18.5873508453369 18.7408790588379 18.815450668335 18.8273506164551 18.9547500610352 19.1088199615479 19.2411003112793 19.1549491882324 18.991340637207 18.988000869751 19.0724105834961 19.1555004119873 19.2234497070312 -9999 -9999 -9999 -9999
11.1465101242065 12.4389495849609 13.7981700897217 15.4094295501709 16.8507595062256 17.8919696807861 18.2646408081055 18.4412593841553 18.4837093353271 18.5058193206787 18.518180847168 18.5332508087158 18.5893707275391 18.6016292572021 18.6172904968262 18.6810703277588 18.7209091186523 18.7744808197021 18.8539905548096 18.9167995452881 18.9409999847412 18.9400196075439 19.0097103118896 19.0580501556396 19.0943603515625 19.1327705383301 19.1894302368164 19.235990524292 19.2498207092285 19.3494701385498 19.38157081604 19.3183498382568 19.3736190795898 19.3645401000977 19.3089694976807 19.3320903778076 19.2580604553223 19.1434097290039 19.0523300170898 19.1918506622314 19.3728408813477 19.5111904144287 19.3368492126465 19.2367191314697 19.3013191223145 19.3790702819824 19.4435901641846 -9999 -9999 -9999 -9999 -9999
11.9294500350952 13.6358098983765 15.6199398040771 17.0904903411865 18.0919704437256 18.4244804382324 18.517110824585 18.5952892303467 18.6641292572021 18.6379795074463 18.6332607269287 18.6518707275391 18.7264995574951 18.7316207885742 18.7457408905029 18.8502292633057 18.9023704528809 18.9620494842529 19.048360824585 19.1117706298828 19.1751594543457 19.2444095611572 19.341329574585 19.4073390960693 19.4466705322266 19.4365901947021 19.5238208770752 19.6193695068359 19.6741600036621 19.7534694671631 19.8050498962402 19.8200607299805 19.8484001159668 19.8218803405762 19.7721195220947 19.8872890472412 19.8134899139404 19.661340713501 19.5427799224854 19.5153198242188 19.6145896911621 19.9183006286621 19.6551208496094 19.5262203216553 19.6050891876221 -9999 -9999 -9999 -9999 -9999 -9999 -9999
14.0836801528931 15.3579998016357 16.9532604217529 17.9023494720459 18.4374809265137 18.5403995513916 18.5908107757568 18.6537208557129 18.7306709289551 18.7587699890137 18.7732391357422 18.792350769043 18.8604393005371 18.895149230957 18.936279296875 19.0244007110596 19.1085796356201 19.1665496826172 19.1943893432617 19.3164100646973 19.3888893127441 19.42041015625 19.541410446167 19.6822605133057 19.8039894104004 19.8236598968506 19.9091892242432 20.011100769043 20.1015205383301 20.1913204193115 20.2397708892822 20.2371196746826 20.2468109130859 20.2298107147217 20.2142601013184 20.333869934082 20.2978706359863 20.1755409240723 20.0288696289062 19.9665603637695 20.0170593261719 20.2209205627441 20.1106605529785 19.9311504364014 19.9094905853271 18.8861808776855 -9999 -9999 -9999 -9999 -9999 -9999
15.4446802139282 16.679859161377 17.9056205749512 18.3922500610352 18.6009693145752 18.6321792602539 18.6782207489014 18.7421207427979 18.8203792572021 18.8779392242432 18.9140796661377 18.9462699890137 19.0198192596436 19.0720500946045 19.1226806640625 19.1895198822021 19.2969207763672 19.3391399383545 19.2858695983887 19.431999206543 19.5430603027344 19.609130859375 19.7080192565918 19.8619594573975 20.0265293121338 20.1182708740234 20.2406806945801 20.3680400848389 20.4850406646729 20.6060905456543 20.6648502349854 20.6447792053223 20.6366195678711 20.6427001953125 20.6697292327881 20.7592391967773 20.7465991973877 20.6551990509033 20.4731597900391 20.4247493743896 20.4475593566895 20.5335102081299 20.5111598968506 20.4129390716553 20.260950088501 16.52659034729 15.9498901367188 -9999 -9999 -9999 -9999 -9999
15.2652902603149 17.2839698791504 18.3955898284912 18.6607494354248 18.736629486084 18.7730808258057 18.829870223999 18.8948993682861 18.9630298614502 18.997730255127 19.0489692687988 19.1158905029297 19.2125797271729 19.2546997070312 19.2872200012207 19.3369007110596 19.4288101196289 19.4265098571777 19.2997398376465 19.3899993896484 19.5908699035645 19.8558902740479 19.8405799865723 19.9229793548584 20.0587196350098 20.2658996582031 20.4751796722412 20.6643199920654 20.8041095733643 20.9742298126221 21.0700798034668 21.0616703033447 21.0353202819824 21.074390411377 21.1634006500244 21.1852703094482 21.1693096160889 21.0867404937744 20.863639831543 20.8579807281494 20.877649307251 20.8398609161377 20.8029594421387 20.454610824585 19.8474597930908 13.8822498321533 14.541729927063 -9999 -9999 -9999 -9999 -9999
15.1118202209473 17.4629497528076 18.4734706878662 18.7267398834229 18.7890090942383 18.8332805633545 18.8960494995117 18.9698791503906 19.0509204864502 19.116060256958 19.1854095458984 19.2562999725342 19.3195400238037 19.3956508636475 19.4462509155273 19.4197101593018 19.2560501098633 18.9614906311035 18.5674495697021 18.9528198242188 19.2777309417725 19.4664707183838 19.6040992736816 19.9305591583252 20.3177890777588 20.5387096405029 20.649829864502 20.7933292388916 21.0769996643066 21.2919597625732 21.4309902191162 21.4812297821045 21.4348793029785 21.4725894927979 21.5811901092529 21.6665096282959 21.6430606842041 21.5387592315674 21.3451995849609 21.326509475708 21.3346195220947 21.3019905090332 21.2220306396484 16.474630355835 6.7367091178894 11.3599700927734 -9999 -9999 -9999 -9999 -9999 -9999
14.7483501434326 16.8997707366943 18.1959209442139 18.6109008789062 18.7735290527344 18.8672790527344 18.9365291595459 18.9650993347168 18.9719295501709 19.1206493377686 19.2602005004883 19.3666801452637 19.3764400482178 19.4284896850586 19.4884605407715 19.52121925354 19.1916198730469 18.7612991333008 18.3442897796631 18.6337795257568 18.8803195953369 19.05299949646 19.4702606201172 19.967830657959 20.420280456543 20.5607490539551 20.7236309051514 20.9602699279785 21.3311500549316 21.5618190765381 21.7158699035645 21.7981204986572 21.8036804199219 21.8808193206787 22.0227909088135 22.1719703674316 22.1215190887451 21.9790191650391 21.854850769043 21.8267402648926 21.8153591156006 21.7831001281738 21.6843700408936 14.5978298187256 0.448253989219666 9.67883777618408 -9999 -9999 -9999 -9999 -9999 -9999
14.3030195236206 15.8634099960327 17.7039203643799 18.3871402740479 18.7044792175293 18.8840007781982 18.9555702209473 18.9034099578857 18.745210647583 19.0220508575439 19.2528591156006 19.4282093048096 19.3798599243164 19.3651695251465 19.4460906982422 19.643970489502 19.3925094604492 18.9596691131592 18.6676902770996 18.5981502532959 18.6028594970703 18.6980304718018 19.4584407806396 19.9982795715332 20.3431205749512 20.2700099945068 20.5860996246338 21.0603694915771 21.4951992034912 21.7086696624756 21.869909286499 21.9682693481445 22.0796394348145 22.230749130249 22.4288005828857 22.6216697692871 22.5238800048828 22.3533000946045 22.3148708343506 22.2715492248535 22.2592105865479 22.2377395629883 22.1215305328369 15.5193195343018 1.37199103832245 9.38863754272461 -9999 -9999 -9999 -9999 -9999 -9999
14.510950088501 16.1061592102051 17.8215599060059 18.3697891235352 18.6357402801514 18.8678607940674 18.9326095581055 18.8854999542236 18.7676296234131 18.9035091400146 19.0739898681641 19.2327308654785 19.2655601501465 -9999 -9999 -9999 19.8067207336426 19.8735599517822 19.77712059021 19.5290908813477 19.3649806976318 19.3037605285645 19.4754199981689 19.7920207977295 19.9663791656494 19.2873992919922 19.6548900604248 20.3119297027588 20.8706207275391 21.3099994659424 21.5664691925049 21.6304206848145 21.9123592376709 22.1307601928711 22.2948207855225 22.5213298797607 22.4587802886963 22.2767696380615 22.1668491363525 22.2221698760986 22.2893390655518 22.2945404052734 22.2265892028809 20.4160995483398 16.1072292327881 11.0571298599243 13.5988597869873 -9999 -9999 -9999 -9999 -9999
14.3844900131226 15.5128297805786 16.9495792388916 17.390100479126 17.5395908355713 17.6233406066895 17.891300201416 18.1919097900391 18.4951400756836 18.755500793457 19.1573791503906 19.5716590881348 -9999 -9999 -9999 -9999 -9999 -9999 -9999 20.3384990692139 20.234619140625 20.0727195739746 20.0747890472412 20.2922306060791 20.4315395355225 19.8597793579102 19.64621925354 19.6240196228027 19.7664699554443 20.2847003936768 20.7185802459717 20.979190826416 21.4745006561279 21.8287506103516 22.0456008911133 22.2352695465088 22.2297706604004 22.142520904541 22.0972499847412 22.1410102844238 22.1808109283447 22.1690502166748 22.2060298919678 22.1923408508301 22.1147899627686 15.5332403182983 15.1524801254272 -9999 -9999 -9999 -9999 -9999
14.356840133667 14.6619596481323 15.5179100036621 15.9823398590088 16.1721591949463 16.0727500915527 16.757640838623 17.5528392791748 18.3672904968262 18.8268699645996 -9999 -9999 -9999 -9999 -9999 -9999 -9999 -9999 -9999 -9999 -9999 20.7863006591797 20.8528099060059 20.9721508026123 21.2025108337402 21.0413494110107 20.1470108032227 19.3056106567383 19.0435791015625 19.457160949707 19.8878898620605 20.2644290924072 20.9204998016357 21.407829284668 21.7253894805908 21.8672695159912 21.9325695037842 21.9576606750488 21.974630355835 21.9961795806885 22.0076808929443 21.9896907806396 22.1293907165527 22.1817893981934 22.1219692230225 21.6211109161377 18.3507595062256 18.0042705535889 18.5186901092529 -9999 -9999 -9999
15.3605403900146 14.5556001663208 13.857159614563 14.9192895889282 15.8277902603149 15.9230699539185 17.2369194030762 18.4030494689941 19.278829574585 19.3665790557861 -9999 -9999 -9999 -9999 -9999 -9999 -9999 -9999 -9999 -9999 -9999 -9999 -9999 21.1608390808105 21.2557907104492 21.3625392913818 20.6288299560547 20.1826801300049 20.7917804718018 20.4684391021729 20.1408004760742 20.0023498535156 20.4434204101562 20.9194107055664 21.3556003570557 21.5394592285156 21.6677398681641 21.692569732666 21.5015506744385 21.6461601257324 21.8503799438477 22.0007801055908 22.0658206939697 22.0569801330566 21.9801406860352 22.0183391571045 22.1287002563477 20.9943904876709 20.2943496704102 20.5171794891357 -9999 -9999
17.3777809143066 16.7337799072266 15.7906303405762 16.6011199951172 17.4194507598877 17.5728397369385 18.503490447998 19.4823207855225 -9999 -9999 -9999 -9999 -9999 -9999 -9999 -9999 -9999 -9999 -9999 -9999 -9999 -9999 -9999 -9999 -9999 -9999 21.495569229126 21.0751991271973 21.4738101959229 21.3911895751953 21.2360992431641 21.1330795288086 21.3664703369141 21.6516799926758 21.9166202545166 21.9801006317139 22.0188102722168 21.9631195068359 21.6364402770996 21.3364696502686 21.2865905761719 21.6788291931152 21.7896900177002 21.8427505493164 21.8773403167725 21.8897590637207 21.972900390625 22.0814208984375 22.1174297332764 21.9593696594238 21.8743991851807 21.8650894165039
19.173469543457 19.0187702178955 18.4750709533691 19.0759105682373 19.1320304870605 19.095609664917 -9999 -9999 -9999 -9999 -9999 -9999 -9999 -9999 -9999 -9999 -9999 -9999 -9999 -9999 -9999 -9999 -9999 -9999 -9999 -9999 21.7204093933105 21.751989364624 21.8369007110596 22.0238990783691 22.1647396087646 22.224739074707 22.2976207733154 22.4088096618652 22.5272998809814 22.4954891204834 22.4508895874023 22.2837600708008 21.7361793518066 21.2271995544434 21.0043697357178 21.2950191497803 21.3631591796875 21.4697895050049 21.6469192504883 21.7519092559814 21.8763809204102 21.99241065979 21.9769592285156 22.0188102722168 22.0860004425049 22.0555896759033
19.9098300933838 -9999 -9999 -9999 -9999 -9999 -9999 -9999 -9999 -9999 -9999 -9999 -9999 -9999 -9999 -9999 -9999 -9999 -9999 -9999 -9999 -9999 -9999 -9999 -9999 -9999 21.9103603363037 21.9563007354736 22.102819442749 22.1423892974854 22.2595996856689 22.4911308288574 22.4034690856934 22.473970413208 22.6556606292725 22.7003307342529 22.6590194702148 22.3780097961426 21.4108009338379 21.4982795715332 21.5210704803467 20.9370594024658 20.8120899200439 20.8704204559326 21.135009765625 21.5890998840332 21.8955497741699 22.0867805480957 22.071439743042 22.0240707397461 21.9970207214355 22.0658302307129
-9999 -9999 -9999 -9999 -9999 -9999 -9999 -9999 -9999 -9999 -9999 -9999 -9999 -9999 -9999 -9999 -9999 -9999 -9999 -9999 -9999 -9999 -9999 -9999 -9999 -9999 22.0879192352295 22.1434707641602 22.2175693511963 22.3158893585205 22.390869140625 22.4571990966797 22.4585208892822 22.5618896484375 22.7307090759277 22.7730293273926 22.6832809448242 22.4657707214355 22.0426292419434 21.9432201385498 21.8511295318604 21.6123905181885 21.5371704101562 21.4511909484863 21.3575706481934 21.5671100616455 21.7558994293213 21.8955707550049 21.9428997039795 22.0044803619385 22.064790725708 22.1021995544434
-9999 -9999 -9999 -9999 -9999 -9999 -9999 -9999 -9999 -9999 -9999 -9999 -9999 -9999 -9999 -9999 -9999 -9999 -9999 -9999 -9999 -9999 -9999 -9999 -9999 -9999 -9999 -9999 22.3433609008789 22.4179401397705 22.4828300476074 22.4765300750732 22.5152702331543 22.632740020752 22.7868804931641 22.7970504760742 22.6791591644287 22.5321998596191 22.4860897064209 22.3455200195312 22.2156505584717 22.1539993286133 22.0927295684814 21.9619693756104 21.7663707733154 21.7160301208496 21.7017192840576 21.7055492401123 21.7063007354736 21.8807792663574 22.0693397521973 22.0935707092285
-9999 -9999 -9999 -9999 -9999 -9999 -9999 -9999 -9999 -9999 -9999 -9999 -9999 -9999 -9999 -9999 -9999 -9999 -9999 -9999 -9999 -9999 -9999 -9999 -9999 -9999 -9999 -9999 -9999 22.4501399993896 22.5221500396729 22.5846195220947 22.5812702178955 22.6711807250977 22.821460723877 22.7902908325195 22.6991691589355 22.5874691009521 22.5721797943115 22.6466903686523 22.6353797912598 22.4072704315186 22.199089050293 22.1559791564941 22.3269901275635 22.038459777832 21.8075904846191 21.574649810791 21.4185009002686 21.6638107299805 21.966459274292 22.0063991546631
