Variables/MIS5a/wtemp.asc
NCOLS 258 
NROWS 132 
XLLCORNER -10.933275447 
YLLCORNER 36.059072361 
CELLSIZE 0.11561 
NODATA_value -9999 
[rows 23 to 45 of 132, columns 52 to 103 of 258]
-9999 1.48025500774384 8.69679927825928 12.7401103973389 13.5579099655151 12.9313402175903 12.9659900665283 13.023850440979 13.1081104278564 13.1229600906372 13.1532602310181 14.9980201721191 17.3399600982666 17.4107303619385 17.4841403961182 17.5487308502197 17.6415691375732 17.7750797271729 17.9921092987061 18.0512504577637 18.0667991638184 18.0784492492676 18.1406192779541 18.2300796508789 18.2813892364502 18.3565998077393 18.4356002807617 18.4884204864502 18.4772090911865 18.4432907104492 18.4372100830078 18.4023208618164 18.4601497650146 18.5519599914551 18.6478290557861 18.7562198638916 18.8975105285645 19.0784397125244 19.2294692993164 19.325569152832 19.3846397399902 19.5029602050781 19.5599498748779 19.608850479126 19.744930267334 19.8167705535889 19.8834896087646 19.9762706756592 20.0722999572754 20.1353092193604 20.1634197235107 20.2668209075928
-9999 7.88511276245117 14.1726598739624 16.9227294921875 16.91383934021 16.9459991455078 16.9802303314209 17.036340713501 17.1590805053711 17.2211494445801 17.2734508514404 17.3372802734375 17.4031200408936 17.4685802459717 17.5337505340576 17.6030597686768 17.6712703704834 17.7512893676758 17.8910503387451 17.9669208526611 18.0016803741455 17.9974994659424 18.0737495422363 18.1461505889893 18.1877193450928 18.2792301177979 18.3433303833008 18.374210357666 18.3982200622559 18.4202003479004 18.4372005462646 18.4382705688477 18.5151500701904 18.6253509521484 18.7500705718994 18.8587608337402 18.9715900421143 19.0972690582275 19.2584991455078 19.3887500762939 19.4876804351807 19.5783500671387 19.6158294677734 19.6513004302979 19.7733592987061 19.8586006164551 19.9472408294678 20.0622692108154 20.1305999755859 20.1972198486328 20.2717399597168 20.3502101898193
14.9105100631714 -9999 -9999 16.9039402008057 16.9493103027344 16.9813899993896 17.0091304779053 17.0569190979004 17.1828899383545 17.2789306640625 17.3586902618408 17.4207305908203 17.4916095733643 17.5546703338623 17.6096801757812 17.6922397613525 17.7588691711426 17.8100299835205 17.8341903686523 17.8826503753662 17.92991065979 17.9574794769287 18.0022792816162 18.050479888916 18.102409362793 18.1849002838135 18.2269802093506 18.2333507537842 18.3010902404785 18.3565101623535 18.404260635376 18.4629096984863 18.5822696685791 18.724250793457 18.8702602386475 18.9699001312256 19.0474491119385 19.1084995269775 19.2781505584717 19.4441509246826 19.5920104980469 19.6652393341064 19.7008590698242 19.7344207763672 19.8355293273926 19.9243106842041 20.0207500457764 20.1429004669189 20.1843700408936 20.2511196136475 20.3574504852295 20.3921604156494
-9999 -9999 -9999 17.0764102935791 17.0817699432373 17.0940895080566 17.1095104217529 17.135440826416 17.19873046875 17.2854309082031 17.3699607849121 17.4442291259766 17.5417194366455 17.6229801177979 17.6842098236084 17.7455005645752 17.8005294799805 17.8515491485596 17.9026908874512 17.9558296203613 17.9986991882324 18.0093898773193 18.0411491394043 18.086669921875 18.1464290618896 18.1596698760986 18.1990203857422 18.2671508789062 18.3478698730469 18.4109802246094 18.4659404754639 18.5360908508301 18.6641693115234 18.8067798614502 18.9374904632568 19.0370006561279 19.1524105072021 19.2968101501465 19.4491901397705 19.5984497070312 19.7390995025635 19.8331394195557 19.8809509277344 19.9207000732422 20.0127105712891 20.1095199584961 20.1914196014404 20.2379608154297 20.2756595611572 20.3243103027344 20.3860206604004 20.4277095794678
-9999 -9999 17.287260055542 17.2431793212891 17.2161598205566 17.1852207183838 17.1883506774902 17.2302703857422 17.2928504943848 17.3861999511719 17.4695701599121 17.522180557251 17.6065292358398 17.6840190887451 17.7461795806885 17.7847309112549 17.8306407928467 17.8833503723145 17.9388694763184 17.9882106781006 18.0330505371094 18.0721492767334 18.0938892364502 18.1216106414795 18.1656303405762 18.2237892150879 18.3079109191895 18.4091606140137 18.4676399230957 18.5257301330566 18.5888195037842 18.6669597625732 18.7634601593018 18.8691291809082 18.9819507598877 19.1231498718262 19.2690505981445 19.412109375 19.5366592407227 19.6909599304199 19.8584308624268 19.940559387207 20.0076808929443 20.0707492828369 20.1399993896484 20.2045192718506 20.2603492736816 20.3017692565918 20.3345394134521 20.3730792999268 20.4190998077393 20.4525699615479
-9999 -9999 -9999 17.4086399078369 17.3571796417236 17.2895908355713 17.3051795959473 17.3505096435547 17.4142093658447 17.511510848999 17.5923805236816 17.6337394714355 17.6969699859619 17.7568492889404 17.808349609375 17.8395099639893 17.8835906982422 17.9362506866455 17.984489440918 18.0304794311523 18.0835494995117 18.1574401855469 18.1648406982422 18.1736507415771 18.2084102630615 18.3075904846191 18.4146595001221 18.516040802002 18.5555992126465 18.6163597106934 18.6920890808105 18.773509979248 18.8559093475342 18.9464492797852 19.0553493499756 19.2225093841553 19.3786392211914 19.5053806304932 19.6197605133057 19.7788105010986 19.9597206115723 20.0159702301025 20.1145992279053 20.2146606445312 20.2361602783203 20.2706298828125 20.3109397888184 20.3548698425293 20.3793296813965 20.4101791381836 20.4504299163818 20.4677696228027
-9999 -9999 -9999 -9999 17.3853607177734 17.4807395935059 17.4934005737305 17.5074195861816 17.5529098510742 17.630199432373 17.7115898132324 17.7855205535889 17.8282203674316 17.8615093231201 17.8730506896973 17.9353904724121 17.9897308349609 18.035400390625 18.066520690918 18.1169490814209 18.1835994720459 18.27952003479 18.2654495239258 18.2623996734619 18.3080806732178 18.3826503753662 18.4446201324463 18.4921493530273 18.5451107025146 18.6287002563477 18.7257804870605 18.8027305603027 18.9256706237793 19.0628204345703 19.1983604431152 19.3356990814209 19.4694995880127 19.5923805236816 19.7435493469238 19.8957805633545 20.033540725708 20.0659408569336 20.2137298583984 20.3653907775879 20.2993202209473 20.3313407897949 20.3805198669434 20.403980255127 20.4159297943115 20.43922996521 20.475679397583 20.4708995819092
-9999 -9999 -9999 -9999 -9999 -9999 -9999 -9999 -9999 -9999 -9999 -9999 15.1097202301025 16.9057807922363 18.1530799865723 18.1607704162598 18.1696891784668 18.1814193725586 18.201940536499 18.2341499328613 18.2833499908447 18.3653106689453 18.4163703918457 18.4675006866455 18.5265998840332 18.5407199859619 18.56130027771 18.5925407409668 18.618049621582 18.6754894256592 18.756160736084 18.8546695709229 19.0002098083496 19.1508407592773 19.2768306732178 19.4339694976807 19.595630645752 19.7572708129883 19.9449405670166 20.0969200134277 20.205099105835 20.2459907531738 20.3033409118652 20.3505992889404 20.3292007446289 20.3550395965576 20.3992595672607 20.4504795074463 20.4653797149658 20.4929103851318 20.5347995758057 20.4928607940674
-9999 -9999 -9999 -9999 -9999 -9999 -9999 -9999 -9999 -9999 -9999 -9999 10.5984497070312 12.1190004348755 15.1409301757812 15.4610900878906 16.3762607574463 17.8061199188232 18.4213695526123 18.4213104248047 18.4274501800537 18.4677391052246 18.5529403686523 18.6379203796387 18.7034091949463 18.6935005187988 18.6885890960693 18.6980495452881 18.7169094085693 18.7612991333008 18.8298492431641 18.9376602172852 19.075159072876 19.2206001281738 19.3613700866699 19.523250579834 19.6971492767334 19.8832607269287 20.0888500213623 20.237699508667 20.3296508789062 20.380500793457 20.361499786377 20.3238105773926 20.3455390930176 20.3692092895508 20.4125308990479 20.4911003112793 20.5133800506592 20.5410804748535 20.5788898468018 20.5379905700684
-9999 -9999 -9999 -9999 -9999 -9999 -9999 -9999 -9999 -9999 -9999 -9999 -9999 -9999 -9999 10.0257301330566 12.0848398208618 14.7213001251221 17.6894798278809 18.6844902038574 18.6253795623779 18.59547996521 18.674129486084 18.7554798126221 18.8210697174072 18.8220691680908 18.8088207244873 18.7909107208252 18.8328094482422 18.8849601745605 18.952449798584 19.0525302886963 19.1528701782227 19.2764492034912 19.4597797393799 19.6011295318604 19.7618503570557 19.9546604156494 20.1477394104004 20.2914199829102 20.383129119873 20.4404792785645 20.3953399658203 20.3173007965088 20.3520202636719 20.3772201538086 20.4268493652344 20.5255699157715 20.5582103729248 20.5818500518799 20.5984992980957 20.6051807403564
-9999 -9999 -9999 -9999 -9999 -9999 -9999 -9999 -9999 -9999 -9999 -9999 -9999 -9999 2.57781291007996 -9999 7.75262689590454 10.624210357666 13.3380403518677 15.7433204650879 17.7743892669678 18.8321094512939 18.8999099731445 18.9574298858643 18.9648990631104 18.9191608428955 18.8951396942139 18.903299331665 18.9591102600098 19.0012493133545 19.048189163208 19.1539096832275 19.2606506347656 19.3704299926758 19.4872207641602 19.6415996551514 19.8037395477295 19.9687690734863 20.160120010376 20.331880569458 20.4684104919434 20.495189666748 20.5277004241943 20.521520614624 20.3635997772217 20.3636608123779 20.4299602508545 20.534839630127 20.6124000549316 20.6592597961426 20.6714000701904 20.6556091308594
-9999 -9999 -9999 -9999 -9999 -9999 -9999 -9999 -9999 -9999 -9999 -9999 -9999 -9999 -9999 2.55299401283264 -9999 -9999 -9999 13.1732397079468 15.6427698135376 17.7218208312988 19.0240497589111 19.063850402832 19.0675392150879 19.0457191467285 19.0242099761963 19.0134906768799 19.0742092132568 19.1171092987061 19.1469707489014 19.1759395599365 19.2688903808594 19.3743991851807 19.460470199585 19.6483001708984 19.8328609466553 19.9877796173096 20.1663494110107 20.327579498291 20.4694690704346 20.5974197387695 20.6755695343018 20.6659698486328 20.4466209411621 20.4574394226074 20.5112991333008 20.5195999145508 20.6474609375 20.730640411377 20.7317409515381 20.697639465332
-9999 -9999 -9999 -9999 -9999 -9999 -9999 -9999 -9999 -9999 -9999 -9999 -9999 -9999 -9999 -9999 -9999 -9999 -9999 -9999 13.6033096313477 -9999 18.0212802886963 19.1501502990723 19.143949508667 19.1807403564453 19.175329208374 19.1245899200439 19.1863098144531 19.228609085083 19.2399101257324 19.1555309295654 19.2210693359375 19.3233795166016 19.4033794403076 19.6309394836426 19.8412094116211 19.999870300293 20.1672401428223 20.3033294677734 20.4254608154297 20.7133903503418 20.7966804504395 20.7457809448242 20.5630798339844 20.5979804992676 20.6225605010986 20.4874305725098 20.6695995330811 20.7854690551758 20.7782497406006 20.7339401245117
-9999 -9999 -9999 -9999 -9999 -9999 -9999 -9999 -9999 -9999 -9999 -9999 -9999 -9999 -9999 -9999 -9999 -9999 -9999 -9999 -9999 14.4610900878906 16.722110748291 18.7871704101562 19.2683391571045 19.2611103057861 19.2720108032227 19.288330078125 19.3292007446289 19.3176097869873 19.2731990814209 19.2212104797363 19.2588195800781 19.3363494873047 19.4343299865723 19.6033496856689 19.7806205749512 19.9538803100586 20.1502990722656 20.3379306793213 20.5183792114258 20.712589263916 20.7570705413818 20.705810546875 20.5934600830078 20.5804996490479 20.5819702148438 20.5585193634033 20.6985492706299 20.7847309112549 20.778039932251 20.7673606872559
-9999 -9999 -9999 -9999 -9999 -9999 -9999 -9999 -9999 -9999 -9999 -9999 -9999 -9999 -9999 -9999 -9999 -9999 -9999 -9999 -9999 13.8386297225952 15.6367197036743 17.7744903564453 19.3974895477295 19.383939743042 19.3610496520996 19.3343696594238 19.3500804901123 19.337610244751 19.3078594207764 19.2808799743652 19.3113098144531 19.384090423584 19.5074806213379 19.6437397003174 19.7823009490967 19.9253902435303 20.1265106201172 20.3353099822998 20.5387706756592 20.7029991149902 20.7560901641846 20.7317008972168 20.6394996643066 20.6271991729736 20.6419792175293 20.6654491424561 20.7597503662109 20.8189392089844 20.819299697876 20.8053798675537
-9999 -9999 -9999 -9999 -9999 -9999 -9999 -9999 -9999 -9999 -9999 -9999 -9999 -9999 -9999 -9999 -9999 -9999 -9999 -9999 -9999 -9999 15.1229200363159 16.7888298034668 18.7571105957031 19.502799987793 19.4437198638916 19.348030090332 19.3447093963623 19.3481101989746 19.3511600494385 19.34255027771 19.3746604919434 19.4461994171143 19.5752105712891 19.7059803009033 19.8274593353271 19.9396591186523 20.1350002288818 20.3326206207275 20.5214099884033 20.6631507873535 20.7309494018555 20.7388896942139 20.6685390472412 20.6828498840332 20.7186603546143 20.7486000061035 20.8111705780029 20.858060836792 20.8774299621582 20.8496608734131
-9999 -9999 -9999 -9999 -9999 -9999 -9999 -9999 -9999 -9999 -9999 -9999 -9999 -9999 -9999 -9999 -9999 -9999 -9999 -9999 -9999 -9999 14.4406299591064 15.9785099029541 17.6818408966064 19.2561206817627 19.5160503387451 19.4200992584229 19.4135494232178 19.4146995544434 19.4180202484131 19.4190006256104 19.4553108215332 19.5079307556152 19.5760307312012 19.7475299835205 19.9195098876953 20.0715293884277 20.2436504364014 20.3766498565674 20.4714794158936 20.5456104278564 20.5874004364014 20.6067790985107 20.6341896057129 20.6814804077148 20.7182807922363 20.7283401489258 20.7958393096924 20.86741065979 20.9313201904297 20.906120300293
-9999 -9999 -9999 -9999 -9999 -9999 -9999 -9999 -9999 -9999 -9999 -9999 -9999 -9999 -9999 -9999 -9999 -9999 -9999 -9999 -9999 -9999 -9999 -9999 -9999 -9999 19.4573001861572 19.5258102416992 19.5062503814697 19.51123046875 19.5327091217041 19.5716705322266 19.6040592193604 19.6306190490723 19.6520404815674 19.7658290863037 19.9153900146484 20.0894603729248 20.2762603759766 20.3950500488281 20.465690612793 20.6070804595947 20.6508502960205 20.6531391143799 20.693489074707 20.737979888916 20.7475395202637 20.6938896179199 20.8042602539062 20.9051399230957 20.9544105529785 20.9377403259277
-9999 -9999 -9999 -9999 -9999 -9999 -9999 -9999 -9999 -9999 -9999 -9999 -9999 -9999 -9999 -9999 -9999 -9999 -9999 -9999 -9999 -9999 -9999 -9999 -9999 -9999 16.679630279541 17.4603500366211 17.8552207946777 19.6339302062988 19.7020893096924 19.7719898223877 19.8105602264404 19.8254909515381 19.8126392364502 19.8643398284912 19.9637203216553 20.114200592041 20.304479598999 20.4283409118652 20.5073699951172 20.6921501159668 20.7517395019531 20.744010925293 20.7349796295166 20.7554397583008 20.7463092803955 20.6680393218994 20.7801208496094 20.8863506317139 20.9475402832031 20.9626998901367
-9999 -9999 -9999 -9999 -9999 -9999 -9999 -9999 -9999 -9999 -9999 -9999 -9999 -9999 -9999 -9999 -9999 -9999 -9999 -9999 -9999 -9999 -9999 -9999 -9999 -9999 -9999 14.9237403869629 13.4370203018188 13.1900796890259 19.7755699157715 19.7850799560547 20.0730400085449 20.1096992492676 20.0922698974609 20.0991992950439 20.135669708252 20.1898593902588 20.3578605651855 20.4952507019043 20.6144409179688 20.7454605102539 20.8256702423096 20.8410301208496 20.7129898071289 20.6904296875 20.6868591308594 20.6755695343018 20.7008209228516 20.7705192565918 20.8939304351807 20.9864807128906
-9999 -9999 -9999 -9999 -9999 -9999 -9999 -9999 -9999 -9999 -9999 -9999 -9999 -9999 -9999 -9999 -9999 -9999 -9999 -9999 -9999 -9999 -9999 -9999 -9999 -9999 -9999 -9999 12.3765602111816 7.75545310974121 7.09215307235718 12.1561098098755 17.9383392333984 20.1816692352295 20.2041492462158 20.2327308654785 20.2823009490967 20.3596096038818 20.4507102966309 20.5347499847412 20.6193695068359 20.7534999847412 20.8552398681641 20.8920192718506 20.7667198181152 20.7298698425293 20.7285099029541 20.7454891204834 20.7742691040039 20.817569732666 20.882230758667 21.0096302032471
-9999 -9999 -9999 -9999 -9999 -9999 -9999 -9999 -9999 -9999 -9999 -9999 -9999 -9999 -9999 -9999 -9999 -9999 -9999 -9999 -9999 -9999 -9999 -9999 -9999 -9999 -9999 -9999 -9999 -9999 -9999 6.90325593948364 14.2850399017334 19.8745594024658 20.2705402374268 20.2950706481934 20.3437194824219 20.4283790588379 20.4845008850098 20.5626907348633 20.6675605773926 20.8056907653809 20.9023208618164 20.9316291809082 20.8062191009521 20.7712898254395 20.7756195068359 20.805700302124 20.8819904327393 20.9423809051514 20.9790191650391 21.0638294219971
-9999 -9999 -9999 -9999 -9999 -9999 -9999 -9999 -9999 -9999 -9999 -9999 -9999 -9999 -9999 -9999 -9999 -9999 -9999 -9999 -9999 -9999 -9999 -9999 -9999 -9999 -9999 -9999 -9999 -9999 4.93701219558716 3.35117197036743 11.8506298065186 18.743579864502 20.3198394775391 20.3140697479248 20.33669090271 20.4011707305908 20.4668102264404 20.5900497436523 20.765079498291 20.899450302124 20.9739093780518 20.973180770874 20.8319797515869 20.8054599761963 20.8180809020996 20.8500804901123 20.989070892334 21.1030101776123 21.1766109466553 21.1445198059082
