Variables/MIS5a/wtemp.asc
NCOLS 258 
NROWS 132 
XLLCORNER -10.933275447 
YLLCORNER 36.059072361 
CELLSIZE 0.11561 
NODATA_value -9999 
[rows 23 to 45 of 132, columns 156 to 207 of 258]
19.0038890838623 18.9572906494141 19.2214393615723 19.2586402893066 19.2173900604248 19.1327495574951 19.0953197479248 19.0710105895996 18.995080947876 18.3120002746582 18.0328998565674 18.0442008972168 18.1429004669189 18.252420425415 18.3493690490723 18.405590057373 18.4279499053955 18.4653797149658 18.5258693695068 18.4101791381836 18.2405796051025 18.0481395721436 17.9458808898926 17.8504505157471 17.7924900054932 17.8726596832275 17.9349498748779 17.9853401184082 18.0222702026367 18.0258808135986 18.0099506378174 17.978120803833 17.9776802062988 17.9638195037842 17.9414596557617 17.9461307525635 17.9209899902344 17.8895797729492 17.885669708252 17.8584098815918 17.8411197662354 17.8540000915527 17.860279083252 17.8418006896973 17.8004703521729 17.8104305267334 17.8420295715332 17.8815803527832 17.8924503326416 17.924409866333 17.9562492370605 17.9624099731445
18.7484092712402 18.7436599731445 19.1279697418213 19.2095794677734 19.1923198699951 19.1368293762207 19.1189403533936 19.0448398590088 18.8502998352051 18.1975898742676 17.9417304992676 17.9870204925537 18.1652297973633 18.2885398864746 18.37087059021 18.4025993347168 18.3697204589844 18.3059196472168 18.2120208740234 18.0410900115967 17.8549003601074 17.6905097961426 17.7077598571777 17.7573509216309 17.8307304382324 17.9454803466797 18.0123596191406 18.0443305969238 18.0349903106689 17.9985408782959 17.9607696533203 17.9309005737305 17.9362907409668 17.9266204833984 17.9033298492432 17.8873996734619 17.860990524292 17.8291301727295 17.7969608306885 17.7948608398438 17.8081703186035 17.833309173584 17.830020904541 17.794189453125 17.7358493804932 17.7626304626465 17.7936000823975 17.8213596343994 17.8416690826416 17.8610706329346 17.8917598724365 17.954439163208
18.5493907928467 18.6020107269287 19.0434894561768 19.1330604553223 19.1330509185791 19.1134700775146 19.088399887085 18.9475803375244 18.6777992248535 18.2882499694824 18.0669002532959 18.0020503997803 18.1611499786377 18.2541999816895 18.3034591674805 18.2887191772461 18.1584491729736 17.9911994934082 17.7910709381104 17.6288509368896 17.513599395752 17.4574394226074 17.6156997680664 17.7671298980713 17.8996200561523 17.981840133667 17.9990005493164 17.9814796447754 17.9260692596436 17.8852291107178 17.8521003723145 17.8270606994629 17.8425807952881 17.8412303924561 17.8219108581543 17.775089263916 17.7580795288086 17.7429103851318 17.6822109222412 17.7314701080322 17.7889404296875 17.8024997711182 17.7695007324219 17.7183208465576 17.66037940979 17.739839553833 17.7817993164062 17.7978992462158 17.8381996154785 17.8476390838623 17.8698101043701 17.9637298583984
18.4749603271484 18.5982894897461 18.9896297454834 19.0327491760254 19.0002994537354 18.9659900665283 18.8177299499512 18.6566505432129 18.4868202209473 18.2158794403076 18.0245704650879 17.9240493774414 17.9568290710449 17.9354095458984 17.8485908508301 17.6412391662598 17.4371490478516 17.3426208496094 17.4143695831299 17.4703006744385 17.5523204803467 17.6613998413086 17.7709407806396 17.8182792663574 17.8346900939941 17.8387908935547 17.7803897857666 17.7269096374512 17.7236003875732 17.7000408172607 17.6710796356201 17.6399593353271 17.6600799560547 17.6401100158691 17.5923404693604 17.5858898162842 17.5892696380615 17.5832290649414 17.5234794616699 17.5574703216553 17.604850769043 17.6289005279541 17.6371097564697 17.6377601623535 17.6386108398438 17.7446899414062 17.8019504547119 17.8237895965576 17.8339290618896 17.8233604431152 17.8261203765869 17.8853302001953
18.209400177002 18.5847091674805 18.8311996459961 18.8478298187256 18.8090000152588 18.764009475708 18.5884990692139 18.2659091949463 17.8178291320801 17.4304008483887 17.3525791168213 17.467679977417 17.5811901092529 17.4813899993896 17.3026599884033 17.1262493133545 17.1034507751465 17.1804599761963 17.3489608764648 17.4502296447754 17.5122299194336 17.5485401153564 17.6012992858887 17.5859298706055 17.5465602874756 17.5577697753906 17.5094890594482 17.4574203491211 17.438009262085 17.3996391296387 17.3669700622559 17.347339630127 17.3430595397949 17.3148994445801 17.2731800079346 17.2703495025635 17.3045196533203 17.3401298522949 17.3257999420166 17.3377895355225 17.3711700439453 17.429069519043 17.4496192932129 17.4774799346924 17.5185794830322 17.5441093444824 17.5841999053955 17.6354007720947 17.686559677124 17.7137699127197 17.724630355835 17.7171192169189
17.9472999572754 18.5374507904053 18.6414909362793 18.6322193145752 18.585620880127 18.5111904144287 18.210750579834 17.7070198059082 17.0468807220459 16.6629390716553 16.7379207611084 17.0614109039307 17.2220706939697 17.1056804656982 16.9307403564453 16.8625106811523 17.0012607574463 17.1665306091309 17.3071708679199 17.3657703399658 17.3753700256348 17.3497791290283 17.3408107757568 17.2744903564453 17.2021808624268 17.2305393218994 17.1983795166016 17.1379795074463 17.0595893859863 17.0216102600098 16.9981498718262 16.9855709075928 16.9834003448486 16.9832992553711 16.9815502166748 16.9620494842529 17.00830078125 17.0666904449463 17.0599308013916 17.0650100708008 17.1104602813721 17.224250793457 17.2728500366211 17.3171005249023 17.3592796325684 17.3235492706299 17.3469791412354 17.4158897399902 17.4894695281982 17.5766105651855 17.6258907318115 17.5521106719971
17.8145599365234 18.4289302825928 18.4303302764893 18.4054107666016 18.3295097351074 18.1869602203369 17.5290107727051 16.8955593109131 16.3238697052002 16.3268604278564 16.5966091156006 16.9601001739502 16.9904308319092 16.9676208496094 16.9444103240967 17.0209503173828 17.121919631958 17.1715602874756 17.1329803466797 17.0907592773438 17.1068897247314 17.1627006530762 17.0852203369141 16.977029800415 16.8745994567871 16.8881492614746 16.8367195129395 16.730920791626 16.5427799224854 16.5632095336914 16.5755805969238 16.549409866333 16.6149291992188 16.7043800354004 16.7995700836182 16.7357292175293 16.7548198699951 16.7785396575928 16.6855907440186 16.7102909088135 16.8189907073975 17.021520614624 17.1336193084717 17.1896800994873 17.1798400878906 17.1620292663574 17.1843795776367 17.2521991729736 17.2648696899414 17.411169052124 17.5577697753906 17.4394302368164
17.9852695465088 18.2763595581055 18.2476291656494 18.1740207672119 17.9496402740479 17.4860992431641 16.9477691650391 16.4711208343506 16.1294498443604 16.3035106658936 16.6579608917236 17.0287399291992 17.0555000305176 17.1006393432617 17.1517791748047 17.1956996917725 17.2283000946045 17.2266407012939 17.174840927124 17.0672206878662 17.0562591552734 17.1050796508789 16.928689956665 16.7832508087158 16.6570091247559 16.5178508758545 16.4220199584961 16.3159503936768 16.1644802093506 16.2033004760742 16.2279491424561 16.1955509185791 16.2110595703125 16.3210906982422 16.4787998199463 16.4899101257324 16.4868698120117 16.4349498748779 16.2430000305176 16.2259292602539 16.2656593322754 16.3327693939209 16.6510391235352 16.7453498840332 16.5547790527344 16.4952697753906 16.4932708740234 16.5111904144287 16.4608192443848 16.7165908813477 17.0403308868408 17.1868896484375
18.0112800598145 18.0428009033203 17.9987602233887 17.9423599243164 17.7184391021729 17.2246894836426 16.8591804504395 16.5667495727539 16.3805198669434 16.6106090545654 16.8805904388428 17.1142597198486 17.136999130249 17.1799907684326 17.2117805480957 17.1948699951172 17.1690902709961 17.1476898193359 17.1319808959961 17.0624599456787 17.0439891815186 17.0447807312012 16.8175792694092 16.6086196899414 16.3871402740479 16.0602798461914 15.9469499588013 15.8372297286987 15.5969200134277 15.620719909668 15.669750213623 15.6719598770142 15.4196500778198 15.4702301025391 15.7545795440674 15.8653602600098 15.8417196273804 15.7319498062134 15.5490398406982 15.4722700119019 15.4434204101562 15.4707698822021 16.0121593475342 16.2150001525879 15.9675197601318 15.9296998977661 15.7925701141357 15.6115999221802 15.6092100143433 15.7909498214722 16.0292701721191 16.2097396850586
17.7867298126221 17.7090702056885 17.6632499694824 17.6864795684814 17.6426792144775 17.4695892333984 17.255500793457 17.1243991851807 17.0931606292725 17.1894092559814 17.2007904052734 17.1722507476807 17.1777591705322 17.1246395111084 17.0569190979004 16.9741306304932 16.9011898040771 16.8878002166748 16.9512500762939 16.9764804840088 16.9823398590088 16.9515705108643 16.7224807739258 16.4130306243896 16.0297107696533 15.4729795455933 15.3635396957397 15.2526397705078 14.7677402496338 14.7202596664429 14.8138799667358 15.000340461731 14.2119798660278 14.1350698471069 14.5743703842163 14.8037099838257 14.7289600372314 14.5761203765869 14.5491895675659 14.4575004577637 14.4235000610352 14.4863901138306 15.2934303283691 15.6219596862793 15.4597597122192 15.5157899856567 15.1648397445679 14.6160001754761 14.8239402770996 14.759090423584 14.5680198669434 14.4569501876831
17.3428897857666 17.1954002380371 17.2425708770752 17.1950492858887 17.1104393005371 17.0032596588135 16.9553108215332 16.9517307281494 16.9911308288574 17.0725193023682 17.0375595092773 16.9537601470947 16.9908409118652 16.8868598937988 16.7037792205811 16.4567108154297 16.4462299346924 16.4371604919434 16.359769821167 16.2771396636963 16.385440826416 16.6051692962646 16.3719501495361 15.9996404647827 15.4328098297119 14.372730255127 14.320460319519 14.2320604324341 13.4044198989868 13.413800239563 13.5212202072144 13.5523700714111 13.2985801696777 13.1858396530151 13.2680196762085 13.7328901290894 13.306619644165 12.7287502288818 13.0820598602295 13.6904401779175 14.3080902099609 14.8028602600098 14.9479198455811 14.8182401657104 14.4667701721191 14.4973297119141 14.3797998428345 14.2227096557617 14.4789600372314 14.2756204605103 13.9564800262451 13.866250038147
16.6066493988037 16.5363903045654 16.681619644165 16.700159072876 16.715690612793 16.7749996185303 16.7773494720459 16.7763996124268 16.7798404693604 16.7830104827881 16.779899597168 16.767110824585 16.7293701171875 16.6499996185303 16.5075206756592 16.2467002868652 16.0097599029541 15.7457599639893 15.4453296661377 15.2912902832031 15.6397304534912 16.2505798339844 15.6937503814697 14.9974098205566 14.1928901672363 13.1540403366089 12.9716396331787 12.8145198822021 12.1444702148438 12.1643199920654 12.4789600372314 12.9634304046631 12.966010093689 12.7078304290771 12.4363298416138 13.0748701095581 12.9389295578003 12.5647201538086 12.6852703094482 12.9106597900391 13.3656196594238 14.1440801620483 13.7555303573608 13.433500289917 13.4130697250366 13.5770797729492 13.6359195709229 13.656120300293 13.891960144043 13.8823204040527 13.7951803207397 13.793740272522
15.8848600387573 15.9630098342896 16.1601295471191 16.3241100311279 16.4716606140137 16.6703395843506 16.6305809020996 16.5676593780518 16.4897308349609 16.4295902252197 16.5023899078369 16.5926399230957 16.3648796081543 16.2701892852783 16.2137298583984 16.0149898529053 15.4683103561401 14.8895998001099 14.2884998321533 14.276029586792 14.8433704376221 15.7510204315186 14.6268501281738 13.651650428772 12.7453804016113 11.9785003662109 11.537260055542 11.2388696670532 11.0823097229004 11.202730178833 11.7392301559448 12.7990102767944 12.72998046875 12.2263402938843 11.6299295425415 12.4643201828003 13.0250701904297 13.298150062561 12.7616100311279 12.0316696166992 11.8790597915649 12.8257598876953 12.0051803588867 11.6878900527954 12.159520149231 12.5312900543213 12.7146797180176 12.802809715271 12.8915901184082 13.2116203308105 13.6385402679443 13.8121004104614
16.2112293243408 16.510950088501 16.476749420166 16.4859790802002 16.4062805175781 16.1631507873535 15.9919300079346 15.987979888916 16.1425895690918 16.232120513916 16.3210201263428 16.2881507873535 15.6571502685547 15.1206502914429 14.6372995376587 14.200779914856 14.2712497711182 14.0264101028442 13.2467203140259 14.0235004425049 14.1815595626831 13.6169595718384 12.6270999908447 12.632960319519 12.8171195983887 11.5346298217773 10.6339998245239 10.2932500839233 10.8746004104614 11.3892297744751 11.5410499572754 11.2419900894165 10.8648796081543 10.1042604446411 9.31722927093506 10.4237699508667 11.5035104751587 12.048939704895 10.9462203979492 10.7773399353027 10.8849802017212 11.0379495620728 10.6154804229736 10.1798601150513 9.86632347106934 10.2600002288818 10.6948299407959 11.0012502670288 10.5749397277832 11.006199836731 11.7343797683716 12.286600112915
16.4228897094727 16.5039691925049 16.3280200958252 16.2216606140137 16.0335807800293 15.6774301528931 15.2946300506592 15.0443496704102 14.9874601364136 15.3500499725342 15.3714504241943 15.1411399841309 14.8343496322632 14.0562200546265 13.1587495803833 12.4180202484131 12.6453800201416 12.5829000473022 11.8955602645874 12.635350227356 13.1892595291138 13.2632303237915 12.2873296737671 11.9244298934937 11.6941900253296 10.6078996658325 9.76800060272217 9.52406215667725 10.3426504135132 10.7065696716309 10.3569297790527 9.29065990447998 9.06926727294922 8.87020969390869 8.76535511016846 9.44878482818604 10.684419631958 11.5499095916748 10.4608898162842 10.2346496582031 10.4607496261597 11.0143899917603 10.3039703369141 9.72575759887695 9.59873867034912 10.1012496948242 10.7889995574951 11.3172702789307 10.6501398086548 11.156849861145 11.994330406189 12.3478498458862
16.3316097259521 16.0503005981445 15.7302703857422 15.6871404647827 15.5547800064087 15.1622800827026 14.5924100875854 14.0438899993896 13.615870475769 14.1405696868896 13.8895101547241 13.3044900894165 13.568639755249 12.7960996627808 11.7359895706177 10.8936996459961 11.2253303527832 11.3793497085571 10.9938697814941 11.5621004104614 12.3826198577881 13.1660404205322 12.1970901489258 11.1693801879883 10.2243404388428 9.65062808990479 9.1719217300415 9.0768871307373 9.73199653625488 9.87756443023682 9.18367671966553 7.61673402786255 7.761314868927 8.32153797149658 9.08329772949219 9.46218395233154 10.4534702301025 11.3037700653076 10.73876953125 10.4545097351074 10.7162103652954 11.8446798324585 10.7489500045776 10.0910501480103 10.2638502120972 10.8479099273682 11.6226501464844 12.2998600006104 11.7445297241211 12.3210000991821 13.079460144043 13.0157499313354
15.5487203598022 14.9871797561646 14.4168996810913 14.9080200195312 15.1444301605225 14.5314302444458 13.922679901123 13.2997999191284 12.7217197418213 12.8224296569824 11.8246002197266 10.5024299621582 11.1597299575806 10.8675098419189 10.3440599441528 10.246789932251 10.8867998123169 11.5683002471924 12.1179399490356 12.7795696258545 12.4990501403809 11.3952598571777 10.7830495834351 9.92660427093506 9.13348960876465 9.20820045471191 9.31277847290039 9.3488302230835 9.18160533905029 9.72376918792725 9.26363277435303 7.47944211959839 7.74672079086304 8.62265014648438 9.88694953918457 11.0023202896118 11.0001096725464 10.7739200592041 11.6624698638916 11.9464502334595 12.2342700958252 12.702730178833 12.0407199859619 11.5200300216675 11.2984304428101 11.5906496047974 11.9680700302124 12.3927402496338 12.8390197753906 13.4514198303223 13.8787899017334 13.4697399139404
14.3525104522705 13.594220161438 13.3770704269409 13.5384902954102 13.5572099685669 13.155909538269 12.3333597183228 11.2434597015381 10.1133604049683 10.406120300293 9.97373104095459 9.37564945220947 10.3152198791504 10.2040596008301 9.88785839080811 10.0440196990967 10.0961198806763 10.3299102783203 10.8553895950317 11.3033304214478 11.2184495925903 10.6256999969482 9.78105735778809 9.20975875854492 8.87411785125732 8.83349895477295 8.97427654266357 9.06271553039551 8.94436740875244 9.58441829681396 9.71944522857666 9.12040328979492 9.42504501342773 10.2789096832275 11.4564599990845 12.3407096862793 12.0653696060181 11.5938196182251 12.2637500762939 11.6968803405762 11.2466697692871 11.6379804611206 11.4715995788574 11.2551803588867 11.1646499633789 11.8276596069336 12.2854900360107 12.5903196334839 13.0469102859497 13.6287803649902 14.1360902786255 14.2949600219727
13.3187303543091 12.5178098678589 12.322660446167 12.010479927063 11.7003898620605 11.4104900360107 10.4352197647095 9.41357135772705 8.5552806854248 8.95835494995117 8.99636173248291 9.00702476501465 10.1537599563599 10.236590385437 10.1688899993896 10.6868295669556 9.93705081939697 9.48666477203369 9.82888126373291 9.94358539581299 10.0330896377563 10.0001201629639 9.04242324829102 8.61117553710938 8.51437473297119 8.53374481201172 8.6987829208374 8.8789758682251 8.99302005767822 9.10837459564209 9.39302062988281 9.90419673919678 10.5912799835205 11.5961904525757 12.7675800323486 13.4320497512817 13.111590385437 12.4595403671265 12.2720499038696 11.1189098358154 10.4092597961426 11.0006704330444 11.0677900314331 11.142370223999 11.3698196411133 12.291600227356 12.7428197860718 12.8942699432373 13.3563804626465 13.9850597381592 14.6656398773193 15.2972002029419
12.7604103088379 12.1146898269653 11.1994695663452 10.6253595352173 9.9751558303833 9.32114696502686 8.59398937225342 8.61491107940674 9.58119773864746 9.56729984283447 9.43635177612305 9.37392616271973 10.5415496826172 10.9301700592041 11.3208799362183 12.5837697982788 11.0402402877808 9.92882061004639 10.1192502975464 9.96791362762451 9.70592498779297 9.2624340057373 8.63726139068604 8.11366271972656 7.73328590393066 8.38488674163818 8.84310913085938 9.13174819946289 9.514723777771 8.17847633361816 7.75848007202148 8.77880668640137 10.2773399353027 11.8210601806641 13.3522100448608 14.183030128479 13.8655300140381 12.8998699188232 11.3965997695923 10.791600227356 10.8039503097534 11.7386798858643 11.7274703979492 11.9946002960205 12.6730003356934 13.3234901428223 13.4488201141357 13.3426504135132 14.1899299621582 15.0502395629883 15.8444204330444 16.4759197235107
12.7845897674561 12.5913095474243 12.4624795913696 11.9562501907349 11.3223600387573 10.651309967041 10.4622297286987 10.2916898727417 10.173810005188 10.8822498321533 10.9890604019165 10.8913497924805 11.7231302261353 12.3299903869629 12.826000213623 13.2465496063232 12.7162504196167 12.0106801986694 11.4335403442383 12.2582197189331 11.8103199005127 10.245849609375 9.82988452911377 9.74055671691895 9.91836643218994 10.5367298126221 10.9517097473145 11.0136098861694 10.4521503448486 9.21978092193604 8.99053382873535 10.1434097290039 10.8405895233154 12.450909614563 14.5047302246094 14.6355400085449 13.8436403274536 12.7083196640015 11.8258495330811 11.5559597015381 11.6773900985718 12.2274303436279 12.9252500534058 13.5799198150635 14.1142501831055 14.2082500457764 14.269570350647 14.513090133667 15.6577396392822 16.3563594818115 16.8673706054688 17.3854198455811
12.8459100723267 12.3941802978516 12.117730140686 11.5258798599243 10.9216203689575 10.4444704055786 10.3633003234863 10.3632402420044 10.5905303955078 12.4897003173828 12.8413696289062 12.3970203399658 13.0557098388672 13.9088697433472 14.5251998901367 14.3914203643799 14.1157503128052 13.7558898925781 13.3849296569824 14.0459098815918 13.4503803253174 11.8055601119995 11.4256496429443 11.3907699584961 11.5556402206421 11.8791999816895 12.2087898254395 12.1667604446411 11.3288097381592 10.1819095611572 10.2635297775269 11.8606004714966 12.1567802429199 13.4725303649902 15.3336601257324 15.0151195526123 14.0360298156738 13.0220098495483 12.8231201171875 12.9625997543335 13.2362699508667 13.6163997650146 14.6332998275757 15.3288402557373 15.4949197769165 15.139630317688 15.3021097183228 15.9316997528076 16.9348297119141 17.3754405975342 17.6094799041748 17.9256000518799
12.6146097183228 11.3908195495605 10.0340795516968 9.20362377166748 8.64054107666016 8.53747653961182 8.11244010925293 8.81594944000244 10.7958898544312 14.1186304092407 14.6528396606445 13.8199396133423 14.4979600906372 15.5122699737549 16.272159576416 16.0208797454834 15.1625499725342 14.9481401443481 15.8751602172852 14.9928903579712 14.2850198745728 13.752739906311 13.1783399581909 12.7700901031494 12.4472503662109 12.2875204086304 12.506420135498 12.5125799179077 12.0656204223633 10.9324798583984 11.3386898040771 13.8646001815796 14.0791997909546 14.8267297744751 15.800820350647 15.3147497177124 14.5082302093506 13.8688802719116 14.1953401565552 14.7211198806763 15.3184204101562 15.8064098358154 16.6277694702148 17.0218906402588 16.8007698059082 16.1784191131592 16.538179397583 17.5144290924072 17.9006900787354 18.0316505432129 18.0754909515381 18.1211204528809
