Variables/MIS5a/wtemp.asc
NCOLS 258 
NROWS 132 
XLLCORNER -10.933275447 
YLLCORNER 36.059072361 
CELLSIZE 0.11561 
NODATA_value -9999 
[rows 46 to 68 of 132, columns 104 to 155 of 258]
21.0971603393555 20.9812698364258 20.9180698394775 20.8067207336426 20.6656799316406 20.5008296966553 20.3129291534424 20.1528606414795 20.0519104003906 19.9821891784668 19.8667297363281 19.706579208374 19.6256809234619 19.5297698974609 19.4014205932617 19.1753406524658 19.4025993347168 19.729320526123 19.8657608032227 19.824520111084 19.5993404388428 19.14866065979 18.6521892547607 18.5622692108154 18.8452491760254 19.0646495819092 18.9810199737549 18.7275295257568 18.4745597839355 18.5876998901367 18.7856998443604 18.8985404968262 18.7948303222656 18.6843299865723 18.6136894226074 18.5416393280029 18.2626399993896 17.7863292694092 17.1497192382812 17.0972595214844 17.3136405944824 17.4339294433594 17.3390598297119 16.9147491455078 15.972339630127 15.2850198745728 14.8803997039795 14.6861200332642 13.5679702758789 11.9221801757812 10.30126953125 10.6718997955322
21.1354198455811 21.0662097930908 21.0105400085449 20.8874492645264 20.7131690979004 20.475980758667 20.2210597991943 19.9771308898926 19.7680892944336 19.7010803222656 19.6077899932861 19.4720096588135 19.391580581665 19.2579193115234 19.0661792755127 18.78125 19.164379119873 19.6655693054199 19.8088207244873 19.7320003509521 19.5170993804932 19.1400299072266 18.3805999755859 18.2336196899414 18.6830806732178 19.0355491638184 19.049919128418 18.8522090911865 18.5635108947754 18.6106605529785 18.7740993499756 18.9350299835205 18.8643398284912 18.7674102783203 18.6948699951172 18.6287994384766 18.4255790710449 18.0860805511475 17.6244697570801 17.6340808868408 17.8060607910156 17.7192001342773 17.3282794952393 16.7333202362061 15.9252796173096 15.4343500137329 14.9627895355225 14.3531799316406 12.8133401870728 11.453519821167 10.5020399093628 10.6428699493408
21.1638603210449 21.1515197753906 21.0596199035645 20.9243907928467 20.7443199157715 20.4756698608398 20.1385498046875 19.7923393249512 19.4624099731445 19.4398403167725 19.3887691497803 19.2815208435059 19.1856098175049 18.9034099578857 18.5370407104492 18.3549194335938 18.9094505310059 19.553560256958 19.7061100006104 19.5614204406738 19.3619003295898 19.1522903442383 18.1655292510986 17.9477691650391 18.4912395477295 19.0547199249268 19.1990203857422 19.0559406280518 18.6850891113281 18.6030597686768 18.7006206512451 18.9800300598145 18.9641094207764 18.8812408447266 18.7724494934082 18.7007503509521 18.620210647583 18.5149593353271 18.232889175415 18.1696605682373 18.1797199249268 18.0013294219971 17.2144603729248 16.5047397613525 16.2906398773193 16.0367908477783 15.3617000579834 14.1560497283936 12.1385097503662 11.2482099533081 11.2578201293945 11.7197198867798
21.1317691802979 21.1002998352051 21.0233497619629 20.8910102844238 20.7231998443604 20.5243892669678 20.0827693939209 19.6628093719482 19.3906497955322 19.5474300384521 19.5501804351807 19.343900680542 19.1474990844727 18.5607109069824 17.8610706329346 17.9067401885986 18.6413497924805 19.4085597991943 19.5844402313232 19.3381404876709 18.9271507263184 18.3982696533203 18.1608505249023 17.8493595123291 17.5956192016602 18.7499904632568 19.1914005279541 19.1197204589844 18.6577892303467 18.6098308563232 18.7730903625488 19.0925598144531 19.1113300323486 19.0150699615479 18.8384990692139 18.8220901489258 18.7217807769775 18.5620002746582 18.540620803833 18.3145408630371 18.0575199127197 18.0454692840576 17.3768692016602 16.914379119873 17.186429977417 16.2399597167969 15.0585699081421 13.822509765625 13.2439002990723 12.1771402359009 10.935640335083 10.8492498397827
21.2355308532715 21.170560836792 21.0953903198242 20.9895896911621 20.8504390716553 20.6487197875977 20.2423191070557 19.8927593231201 19.7445602416992 19.7955207824707 19.7742290496826 19.6269493103027 19.3225803375244 18.678430557251 17.9338493347168 17.6996192932129 18.2399101257324 18.9867095947266 19.4984302520752 19.2805500030518 18.7663993835449 18.1021499633789 18.2117004394531 18.0119209289551 17.6154193878174 18.4413890838623 18.8735408782959 18.9304599761963 18.5552196502686 18.4344692230225 18.5904197692871 19.141040802002 19.2011795043945 19.0999298095703 18.9211502075195 18.8416595458984 18.7227191925049 18.5825805664062 18.5587501525879 18.236120223999 17.8265705108643 17.6333599090576 17.3773708343506 17.0566291809082 16.6084098815918 15.3586101531982 14.3708696365356 13.8088598251343 12.9009304046631 11.7670001983643 10.6631097793579 10.4032802581787
21.3750190734863 21.2990493774414 21.2286396026611 21.1415195465088 21.0184192657471 20.8080196380615 20.4742603302002 20.2216701507568 20.1591205596924 20.0587997436523 19.9621601104736 19.8433094024658 19.3677501678467 18.775749206543 18.1400299072266 17.6228294372559 17.9341297149658 18.602180480957 19.3748092651367 19.2863998413086 18.8273105621338 18.0900001525879 18.231819152832 18.165979385376 17.9099807739258 18.3234996795654 18.5878295898438 18.6564407348633 18.3036193847656 18.2263202667236 18.4726104736328 19.2190608978271 19.2865390777588 19.1870708465576 19.0133991241455 18.8496608734131 18.7325592041016 18.6439208984375 18.4838790893555 18.1185092926025 17.6668796539307 17.2727298736572 16.8965396881104 16.3635406494141 15.510890007019 14.4102897644043 13.7343196868896 13.5206003189087 12.2774600982666 11.3256502151489 10.678689956665 10.3564901351929
21.4804496765137 21.4618091583252 21.4150791168213 21.3036193847656 21.1545391082764 20.9655799865723 20.6927795410156 20.4773693084717 20.3939208984375 20.237699508667 20.0101890563965 19.6824607849121 18.9152297973633 18.4188709259033 18.0927505493164 17.6574001312256 17.9804401397705 18.548189163208 19.0238094329834 19.2866802215576 19.1768894195557 18.5426902770996 18.1348304748535 18.0802707672119 18.338020324707 18.6629791259766 18.6342792510986 18.356029510498 17.7630996704102 18.1041107177734 18.7335605621338 19.3471298217773 19.4107799530029 19.3229808807373 19.1387195587158 18.9229698181152 18.8457794189453 18.85791015625 18.427059173584 18.0900402069092 17.7853507995605 17.4295406341553 15.4228296279907 13.8993701934814 14.2744998931885 14.2118301391602 13.5340795516968 12.2041397094727 12.2502899169922 11.9933700561523 11.4906396865845 10.9172601699829
21.5381298065186 21.5259990692139 21.4746799468994 21.3866500854492 21.263370513916 21.081449508667 20.8799591064453 20.6660404205322 20.4416999816895 20.2637500762939 19.9633407592773 19.4831504821777 18.6393699645996 18.0075397491455 17.6441307067871 17.7949295043945 18.125560760498 18.4046306610107 18.3948497772217 18.7766208648682 18.9161396026611 18.5649299621582 18.2159309387207 18.2575092315674 18.5789794921875 18.3302307128906 18.1280193328857 17.9564990997314 17.7371196746826 18.1824398040771 18.8141593933105 19.349910736084 19.4933395385742 19.4807891845703 19.3604393005371 19.2188205718994 18.7572898864746 18.07253074646 17.6366596221924 17.8826293945312 17.9592609405518 16.3672008514404 14.9860601425171 13.8139600753784 12.9573001861572 12.8194198608398 12.4940004348755 11.9138298034668 12.2918901443481 12.5528802871704 12.723819732666 13.1442804336548
21.5931797027588 21.5780792236328 21.5267391204834 21.4574508666992 21.362340927124 21.2117404937744 21.0347099304199 20.7776699066162 20.4015808105469 20.235279083252 19.9453201293945 19.4728393554688 18.7659206390381 18.1138896942139 17.6794300079346 18.0835494995117 18.3224105834961 18.3603496551514 18.0579109191895 18.1843795776367 18.3171405792236 18.3184604644775 18.1128902435303 18.2018699645996 18.4685802459717 17.8269901275635 17.5828800201416 17.6364803314209 17.9027309417725 18.3748302459717 18.8810901641846 19.3080997467041 19.5019302368164 19.5316009521484 19.3850402832031 19.0206298828125 18.224739074707 17.2030792236328 16.954610824585 17.5410404205322 17.8215007781982 15.6886701583862 14.6888303756714 13.6339597702026 11.9038400650024 11.693510055542 11.8549098968506 12.1927003860474 12.4962701797485 12.6918001174927 12.9849195480347 14.2076902389526
21.6591091156006 21.6341400146484 21.5983295440674 21.5285701751709 21.4483890533447 21.3648490905762 21.1375102996826 20.7949104309082 20.2639904022217 20.1916904449463 20.007209777832 19.691370010376 19.4058494567871 18.9477691650391 18.5046291351318 18.5307598114014 18.5104503631592 18.4549407958984 18.2139091491699 17.6616592407227 17.4437007904053 17.8308906555176 17.7018203735352 17.7479000091553 17.901460647583 17.2770099639893 17.1833801269531 17.4607906341553 18.2133903503418 18.6584300994873 18.9784698486328 19.2020301818848 19.4266204833984 19.4291400909424 19.14967918396 18.1423397064209 17.2377605438232 16.4452095031738 16.6379508972168 17.0540008544922 17.184700012207 15.8490200042725 14.3693799972534 12.8160600662231 11.2419500350952 11.3745203018188 12.0389795303345 13.2880401611328 12.8967895507812 12.2951002120972 11.7602996826172 13.2136096954346
21.7359790802002 21.6887302398682 21.6273097991943 21.530969619751 21.4125194549561 21.273229598999 21.056510925293 20.7810707092285 20.4507503509521 20.4108009338379 20.2362499237061 19.9032707214355 19.7945308685303 19.4066200256348 18.8281898498535 18.253719329834 18.0435104370117 17.9849605560303 17.955099105835 17.6175708770752 17.2923107147217 17.1079692840576 17.3698997497559 17.432689666748 17.2634201049805 17.0838108062744 17.2601203918457 17.6861400604248 18.3032398223877 18.7806491851807 19.1493892669678 19.3806400299072 19.4818801879883 19.4164791107178 19.1413307189941 18.5676307678223 17.898889541626 17.2017498016357 16.6816005706787 16.4919395446777 16.3469295501709 15.8025102615356 15.0945796966553 14.147310256958 12.8448696136475 12.1337795257568 12.4567699432373 13.7045001983643 13.0175695419312 12.3560304641724 12.0390901565552 12.8894701004028
21.7971305847168 21.7376899719238 21.6469306945801 21.5286407470703 21.3960609436035 21.2562503814697 21.0957794189453 20.9182300567627 20.7267208099365 20.6650104522705 20.4902191162109 20.1974105834961 20.0851001739502 19.751989364624 19.1981201171875 18.326229095459 17.8322296142578 17.6480503082275 17.8774890899658 17.7098999023438 17.3381500244141 16.8303394317627 17.0223503112793 17.1284008026123 17.0961608886719 17.1855792999268 17.6442604064941 18.2624397277832 18.7013206481934 18.9978809356689 19.2324600219727 19.4301605224609 19.4630508422852 19.3280792236328 19.0025806427002 18.5370292663574 18.046350479126 17.5123195648193 16.7777309417725 16.3438396453857 16.0512104034424 15.7130403518677 15.7372398376465 15.44225025177 14.3334398269653 13.432559967041 13.379810333252 14.1074600219727 13.0590496063232 12.1963396072388 11.8240404129028 12.75465965271
21.8299808502197 21.7754497528076 21.6591701507568 21.5346794128418 21.4117298126221 21.316930770874 21.2406196594238 21.1552906036377 21.0472602844238 20.8755702972412 20.7039108276367 20.5282402038574 20.2818508148193 20.0011901855469 19.6216201782227 18.7843208312988 18.0452098846436 17.6123790740967 18.0417499542236 17.9260501861572 17.5474700927734 16.9534397125244 16.7401008605957 16.904109954834 17.3750495910645 17.6100902557373 18.2910404205322 19.0929107666016 19.3350391387939 19.3071594238281 19.2688407897949 19.3852500915527 19.4051094055176 19.2114391326904 18.759090423584 18.1158294677734 17.715799331665 17.4677600860596 16.92746925354 16.6332206726074 16.3447093963623 15.7524795532227 16.2616291046143 16.480640411377 15.6466903686523 14.9530096054077 14.5527601242065 14.4259996414185 13.1102199554443 11.9736404418945 11.2481498718262 12.7841100692749
21.777660369873 21.7391109466553 21.6557903289795 21.5765991210938 21.4918003082275 21.3833198547363 21.270450592041 21.1314296722412 20.9485492706299 20.7564601898193 20.6043796539307 20.4879608154297 20.2876491546631 20.0514602661133 19.7871704101562 19.4867496490479 19.0809497833252 18.7488498687744 18.7072792053223 18.4489002227783 18.0871200561523 17.6274509429932 17.0295696258545 17.216480255127 18.105339050293 18.6829795837402 19.1680908203125 19.5261001586914 19.5538196563721 19.5694694519043 19.5804405212402 19.5894298553467 19.5926094055176 19.4103698730469 18.9853000640869 18.5298004150391 18.2044296264648 17.9384002685547 17.3256092071533 17.3223094940186 17.4923095703125 17.1943492889404 17.1354598999023 17.0067806243896 16.5959701538086 15.4789800643921 14.5351495742798 13.9287996292114 13.5520696640015 12.8599300384521 12.2143297195435 13.1414499282837
21.6972808837891 21.6718597412109 21.6218795776367 21.580099105835 21.5201396942139 21.3934097290039 21.2758502960205 21.1322708129883 20.9380893707275 20.7213592529297 20.5380992889404 20.3888893127441 20.1995906829834 19.9354095458984 19.6452903747559 19.4503898620605 19.3518104553223 19.2325496673584 18.9656391143799 18.5987396240234 18.2867393493652 18.0827407836914 17.7765502929688 18.0474395751953 18.8288898468018 19.3655109405518 19.6647701263428 19.7979698181152 19.7795791625977 19.7430000305176 19.7190494537354 19.733470916748 19.7100296020508 19.6054306030273 19.3834590911865 18.922290802002 18.5184993743896 18.1679000854492 17.7312202453613 17.7867603302002 18.057149887085 18.2057399749756 17.7632598876953 17.1544799804688 16.5387802124023 15.5981798171997 14.6843395233154 13.9080896377563 13.5398197174072 13.2481899261475 13.1057996749878 13.5389604568481
21.605640411377 21.5850696563721 21.5654697418213 21.5511608123779 21.5110206604004 21.3813095092773 21.2911891937256 21.1744995117188 20.997730255127 20.7763195037842 20.5586891174316 20.3491497039795 20.1461791992188 19.8453102111816 19.4940795898438 19.2574901580811 19.3420696258545 19.3859691619873 19.0475692749023 18.5932998657227 18.327299118042 18.3877906799316 18.6621208190918 19.0581798553467 19.5321102142334 19.7901191711426 19.9286098480225 19.9892597198486 19.9922790527344 19.881799697876 19.8044891357422 19.8843193054199 19.8303699493408 19.8033008575439 19.8178291320801 19.2433490753174 18.6982898712158 18.2374401092529 18.0352897644043 18.02467918396 18.2333202362061 18.8307800292969 18.2730293273926 17.3687496185303 16.4164009094238 15.8030996322632 15.1078100204468 14.2975196838379 13.689829826355 13.6850204467773 14.0601301193237 14.2102003097534
21.5204200744629 21.4842491149902 21.4860992431641 21.48464012146 21.4658699035645 21.4002895355225 21.3764591217041 21.3054790496826 21.1338996887207 20.9646396636963 20.8017807006836 20.6393604278564 20.3904590606689 20.1412200927734 19.9357204437256 19.9531497955322 19.8563098907471 19.6534690856934 19.2764301300049 18.7732696533203 18.4738903045654 18.5381507873535 19.2061290740967 19.7597103118896 20.1255798339844 20.0728092193604 20.1128597259521 20.1823596954346 20.1317005157471 20.061840057373 20.047269821167 20.1680107116699 20.1135101318359 20.0398406982422 19.9557399749756 19.4087600708008 18.8024997711182 18.2091999053955 17.965259552002 17.9346008300781 18.1443405151367 18.8644905090332 18.8621807098389 18.5457000732422 17.9965896606445 16.9980697631836 16.1108703613281 15.4442796707153 15.3308601379395 15.3247098922729 15.4278001785278 15.8171997070312
21.4135303497314 21.4058895111084 21.4235305786133 21.4451999664307 21.4554195404053 21.4267501831055 21.3983001708984 21.3452301025391 21.2485904693604 21.1395092010498 20.9837608337402 20.7819995880127 20.5939197540283 20.4640808105469 20.3767108917236 20.3119506835938 20.0964107513428 19.8020992279053 19.4563007354736 19.2215099334717 19.1851196289062 19.4228897094727 19.8387603759766 20.1526203155518 20.3103103637695 20.1817893981934 20.1846809387207 20.2456302642822 20.2105503082275 20.2721405029297 20.3503608703613 20.3909091949463 20.3840293884277 20.3239307403564 20.1926097869873 19.9052391052246 19.4871597290039 19.0233097076416 18.8514003753662 18.8619499206543 19.0244903564453 19.3984203338623 19.3351993560791 18.9653797149658 18.2446708679199 17.5158100128174 16.9759292602539 16.702709197998 16.8196296691895 17.0844306945801 17.4178504943848 17.6725101470947
21.3183403015137 21.3309593200684 21.3550395965576 21.3893699645996 21.4181308746338 21.4158992767334 21.3844699859619 21.3522205352783 21.3287200927734 21.2500190734863 21.0671195983887 20.7890090942383 20.604959487915 20.5075302124023 20.4570903778076 20.3727607727051 20.2072696685791 20.0058498382568 19.7927398681641 19.7984790802002 19.9648399353027 20.2981395721436 20.3944797515869 20.4371891021729 20.4400405883789 20.348180770874 20.3459796905518 20.3861694335938 20.3853492736816 20.5422897338867 20.6751899719238 20.6409702301025 20.6368007659912 20.5861701965332 20.4708805084229 20.398229598999 20.1949291229248 19.9088191986084 19.8213405609131 19.8722496032715 19.9695091247559 19.9936408996582 19.7870006561279 19.281759262085 18.3319206237793 17.9322395324707 17.7444400787354 17.7315196990967 17.8761196136475 18.2501201629639 18.7455005645752 19.0217704772949
21.258129119873 21.2529907226562 21.2651691436768 21.2857704162598 21.3065891265869 21.3267192840576 21.3400707244873 21.3479900360107 21.3552703857422 21.2415599822998 20.994930267334 20.6103496551514 20.2628498077393 19.9950103759766 19.8236598968506 20.0448207855225 20.2407894134521 20.3895893096924 20.47878074646 20.4573993682861 20.537260055542 20.7753601074219 20.7360591888428 20.6931705474854 20.6483097076416 20.7348594665527 20.7572498321533 20.7514591217041 20.7896194458008 20.9143905639648 21.0074806213379 20.9728698730469 20.8638000488281 20.7777900695801 20.736499786377 20.6834697723389 20.5926303863525 20.4789199829102 20.3856792449951 20.4110298156738 20.4727802276611 20.3923206329346 20.2628803253174 19.8428497314453 18.8546104431152 18.5824394226074 18.423189163208 18.3145008087158 18.1983699798584 18.2233104705811 18.3785305023193 19.2313098907471
21.1554203033447 21.1878509521484 21.2013206481934 21.2258892059326 21.2594299316406 21.3041191101074 21.3241100311279 21.3317699432373 21.325309753418 21.2514400482178 21.0266304016113 20.639310836792 20.1462802886963 19.8671207427979 19.8122806549072 20.1256408691406 20.4687690734863 20.7441902160645 20.8218097686768 20.8321800231934 20.8328704833984 20.8416690826416 20.8683109283447 20.9848899841309 21.1723003387451 21.2266292572021 21.2419605255127 21.2431793212891 21.2658596038818 21.3141098022461 21.33962059021 21.2933006286621 21.1227703094482 21.0141906738281 21.0096092224121 20.9163208007812 20.898609161377 20.9190101623535 20.7472400665283 20.6874408721924 20.6811599731445 20.6528701782227 20.6038303375244 20.4047908782959 19.9376602172852 19.7748394012451 19.7142505645752 19.7193603515625 19.7383499145508 19.759090423584 19.9197807312012 20.4558506011963
21.0494709014893 21.1156101226807 21.138069152832 21.1697006225586 21.2084693908691 21.2549800872803 21.2802791595459 21.263650894165 21.1802501678467 21.0295696258545 20.837760925293 20.5966892242432 20.217679977417 20.0848903656006 20.1688003540039 20.4916706085205 20.7886905670166 20.9989109039307 21.015230178833 21.0709209442139 21.0998001098633 21.0813598632812 21.1825904846191 21.4448509216309 -9999 -9999 21.5813407897949 21.6178703308105 21.656099319458 21.6901893615723 21.6913394927979 21.6506690979004 21.4659900665283 21.3615798950195 21.3499603271484 21.191780090332 21.172830581665 21.2423095703125 21.0613498687744 20.9306297302246 20.8639392852783 20.9132404327393 20.9374008178711 20.9178791046143 20.8271007537842 20.733980178833 20.6978607177734 20.7385406494141 20.8647499084473 20.9081497192383 -9999 -9999
20.9462299346924 21.0315208435059 21.0662498474121 21.1029605865479 21.1397705078125 21.1614608764648 21.1937294006348 21.1411304473877 20.9118900299072 20.5941600799561 20.4331798553467 20.446439743042 20.4827709197998 20.6188201904297 20.8669891357422 21.1012802124023 21.155969619751 21.1416091918945 21.0780296325684 21.2182292938232 21.3859195709229 21.5765895843506 -9999 -9999 -9999 -9999 -9999 -9999 -9999 -9999 21.9555702209473 22.0322704315186 21.9593200683594 -9999 21.7851696014404 21.544319152832 21.431339263916 21.4517402648926 21.3655891418457 21.207010269165 21.0731506347656 21.1887893676758 21.2791595458984 21.3627891540527 21.437219619751 21.283519744873 21.1867408752441 21.1582508087158 -9999 -9999 -9999 -9999
