Variables/MIS4/biomass.asc
NCOLS 258 
NROWS 132 
XLLCORNER -10.933275447 
YLLCORNER 36.059072361 
CELLSIZE 0.11561 
NODATA_value -9999 
[rows 96 to 119 of 132, columns 0 to 52 of 258]
-9999 -9999 -9999 -9999 -9999 -9999 -9999 -9999 -9999 -9999 -9999 -9999 -9999 -9999 -9999 -9999 10652.48046875 9623.2080078125 9057.4736328125 9055.849609375 8109.63623046875 9103.76171875 10304.58984375 9926.990234375 9984.939453125 9951.9072265625 9616.9892578125 9241.4384765625 8925.0302734375 8647.6396484375 8196.888671875 7901.744140625 7755.541015625 7801.83203125 7869.22216796875 7953.22705078125 8053.27294921875 7888.09423828125 7795.85107421875 7874.07177734375 7898.26904296875 7904.43701171875 7957.3427734375 8352.2021484375 8980.884765625 9491.2958984375 9187.5966796875 8972.2041015625 8816.263671875 8719.96875 8573.0634765625 8507.89453125 8569.35546875
-9999 -9999 -9999 -9999 -9999 -9999 -9999 -9999 -9999 -9999 -9999 -9999 -9999 -9999 -9999 -9999 10589.349609375 9061.494140625 8361.0576171875 8599.923828125 8418.7880859375 9025.9130859375 9870.28515625 10463.4697265625 10295.4501953125 9966.287109375 9630.9833984375 9283.341796875 8792.41796875 8202.701171875 8033.73388671875 7714.6181640625 7397.06201171875 7420.18505859375 7257.56103515625 7134.81201171875 7221.06884765625 7336.251953125 7472.19189453125 7609.9111328125 7699.15576171875 7823.59423828125 7974.5517578125 8074.994140625 8251.3203125 8355.728515625 8090.4521484375 7852.06494140625 7614.38623046875 7422.833984375 7590.48583984375 7740.8779296875 7832.02197265625
-9999 -9999 -9999 -9999 -9999 -9999 -9999 -9999 -9999 -9999 -9999 -9999 -9999 -9999 -9999 11163.6201171875 10559.48046875 9196.1748046875 8344.7626953125 7931.2568359375 8424.029296875 8675.52734375 9178.1728515625 10633.759765625 10682.6396484375 10361.419921875 9910.1884765625 9576.9169921875 8762.845703125 7587.01513671875 7711.255859375 6884.6279296875 5975.14599609375 7263.658203125 6172.2490234375 4852.31298828125 4953.94287109375 6307.60205078125 7201.02587890625 7198.2099609375 7455.26708984375 7710.0380859375 7916.18896484375 7857.97998046875 7901.1171875 7908.673828125 7594.8408203125 7696.10009765625 7735.0439453125 7425.2431640625 7664.5517578125 7826.8720703125 7812.1337890625
-9999 -9999 -9999 -9999 -9999 -9999 -9999 -9999 -9999 -9999 -9999 -9999 -9999 -9999 -9999 -9999 10267.8203125 8147.52783203125 6961.0048828125 6838.412109375 8700.1552734375 8796.9853515625 8765.3876953125 10339.259765625 10586.1298828125 10400.1904296875 10029.400390625 9669.673828125 8800.9169921875 7542.07421875 7081.30810546875 6113.50390625 5257.505859375 6155.98583984375 5621.89794921875 4776.4482421875 4461.39306640625 6136.96484375 7365.333984375 7426.56591796875 7590.5849609375 7810.52587890625 7987.0927734375 7675.98193359375 7711.56982421875 7859.72509765625 7731.70703125 7849.4208984375 7870.97119140625 7571.40087890625 7747.2431640625 7829.10595703125 7713.22216796875
-9999 -9999 -9999 -9999 -9999 -9999 -9999 -9999 -9999 -9999 -9999 -9999 -9999 -9999 -9999 -9999 10142.33984375 7899.73193359375 6848.93212890625 6909.578125 8530.134765625 8464.9853515625 8324.478515625 9830.025390625 10261.23046875 10277.48046875 9998.115234375 9563.3017578125 8753.0859375 7617.3330078125 6746.0908203125 5479.43798828125 4325.4111328125 4699.92578125 4958.08984375 5090.81201171875 5040.23583984375 6454.2080078125 7458.8369140625 7542.43212890625 7623.587890625 7773.09423828125 7909.4658203125 7525.2998046875 7534.59814453125 7746.72412109375 7930.619140625 8067.6240234375 8060.11279296875 7795.57080078125 7835.2919921875 7832.9140625 7738.55810546875
-9999 -9999 -9999 -9999 -9999 -9999 -9999 -9999 -9999 -9999 -9999 -9999 -9999 -9999 -9999 -9999 10533.0595703125 10259.3798828125 10127.58984375 9903.744140625 7268.68603515625 6911.27099609375 7659.0361328125 9024.58203125 9765.21875 10031.33984375 9770.9931640625 9173.146484375 8489.0751953125 7747.76611328125 7170 5060.712890625 2667.62109375 3122.455078125 3776.69409179688 4839.01806640625 7026.2431640625 7157.6591796875 7101.7119140625 7047.27197265625 7219.05517578125 7320.19921875 7368.837890625 7420.2919921875 7305.73583984375 7243.09423828125 7877.5419921875 8222.3564453125 8344.5244140625 8173.68115234375 7932.203125 7894.1181640625 8099.22900390625
-9999 -9999 -9999 -9999 -9999 -9999 -9999 -9999 -9999 -9999 -9999 -9999 -9999 -9999 11710.6103515625 11453.490234375 10792.490234375 10894.2998046875 10197.58984375 8716.6669921875 6254.80517578125 5933.576171875 6804.9111328125 8470.4150390625 9111.37109375 9355.7578125 9324.4189453125 8836.4208984375 8352.4208984375 7738.01708984375 5725.9638671875 3938.30688476562 2985.02490234375 4640.7919921875 4166.95703125 4153.7001953125 6886.9638671875 5856.11279296875 5516.7470703125 7051.5888671875 7225.56884765625 7045.14404296875 6817.0361328125 7438.09619140625 7626.619140625 7651.43115234375 7958.0869140625 8214.865234375 8299.654296875 8074.5380859375 7961.07080078125 7925.19091796875 7963.38720703125
-9999 -9999 -9999 -9999 -9999 -9999 -9999 -9999 -9999 -9999 -9999 -9999 -9999 12002.080078125 12018.8203125 11559.3896484375 10858.1298828125 10904.3203125 9885.630859375 8032.9248046875 5750.6767578125 5198.830078125 5687.92822265625 7039.67919921875 7468.203125 7929.20703125 8699.466796875 8371.8994140625 7775.72119140625 6872.18017578125 4652.85498046875 3336.083984375 3139.07006835938 5159.4990234375 4550.1328125 4066.2509765625 5951.64501953125 4149.51123046875 4022.75708007812 6992.0498046875 7295.39892578125 7064.6767578125 6745.39599609375 7470.69921875 7759.06396484375 7807.39208984375 7875.375 8021.97802734375 8063.53076171875 7856.4189453125 7896.2412109375 7922.205078125 7895.0830078125
-9999 -9999 -9999 -9999 -9999 -9999 -9999 -9999 -9999 -9999 -9999 -9999 -9999 11879.01953125 11878.099609375 11332.5595703125 10767.9501953125 10481.2001953125 9768.5361328125 8553.75 5884.0478515625 4763.02001953125 4370.384765625 4514.783203125 4798.4619140625 5736.1982421875 7957.201171875 7612.416015625 6582.69921875 4904.92822265625 4504.296875 3724.76196289062 2968.2890625 4018.18505859375 4640.52490234375 4794.86083984375 4285.35400390625 2595.60107421875 2989.85205078125 6973.13720703125 7292.8798828125 7387.06298828125 7268.3291015625 7418.9140625 7446.3232421875 7485.1669921875 7578.14990234375 7664.84521484375 7670.3427734375 7565.85791015625 7746.35986328125 7884.7822265625 7975.06982421875
-9999 -9999 -9999 -9999 -9999 -9999 -9999 -9999 -9999 -9999 -9999 -9999 -9999 11725.9697265625 11611.169921875 11155.9404296875 10894.8701171875 10212.4404296875 9427.978515625 8449.59765625 6763.36279296875 5606.578125 4678.72705078125 3782.61206054688 4011.24609375 4706.703125 5674.35400390625 5409.1240234375 4914.798828125 4534.10107421875 5784.76513671875 6152.5869140625 5853.39501953125 5182.92578125 5366.162109375 5407.3369140625 4420.8427734375 3510.38500976562 3326.3798828125 4226.81591796875 6472.85595703125 7400.0771484375 7022.30615234375 6197.90576171875 6189.744140625 6704.2939453125 7545.47705078125 7638.85498046875 7595.6630859375 7712.326171875 7789.9541015625 7871.56982421875 7969
-9999 -9999 -9999 -9999 -9999 -9999 -9999 -9999 -9999 -9999 -9999 -9999 -9999 11550.1201171875 11648.5 11036.3701171875 10165.400390625 8646.5419921875 7832.44677734375 7426.73583984375 6565.830078125 5678.6162109375 4760.15380859375 3793.58911132812 3816.5380859375 4187.10107421875 4699.02392578125 4543.89794921875 4723.212890625 5416.0048828125 6859.912109375 7340.86083984375 7088.05810546875 6328.330078125 6019.94580078125 5628.44677734375 4679.35986328125 4166.80810546875 3775.28588867188 3574.88989257812 5124.44482421875 5983.3427734375 6032.0322265625 5691.671875 6083.68408203125 6852.76708984375 7573.248046875 7711.19287109375 7699.51708984375 7731.93701171875 7730.51318359375 7773.958984375 7882.53515625
-9999 -9999 -9999 -9999 -9999 -9999 -9999 -9999 -9999 -9999 -9999 -9999 -9999 11350.490234375 11887.6201171875 10946.7802734375 8878.4912109375 6365.33203125 5569.4482421875 5785.65478515625 5566.5458984375 5162.22314453125 4672.14404296875 4257.5498046875 3991.5859375 4085.40893554688 4683.68505859375 4925.62890625 5747.0419921875 7129.68994140625 7583.6337890625 7391.97998046875 6961.14892578125 7217.2998046875 6521.4921875 5590.8837890625 4833.27978515625 4320.44091796875 4101.27685546875 4187.25 3663.15209960938 3834.67797851562 4595.033203125 5812.51806640625 6845.51611328125 7623.52490234375 7634.4599609375 7813.90087890625 7880.56396484375 7616.6767578125 7599.755859375 7646.9169921875 7732.8837890625
-9999 -9999 -9999 -9999 -9999 -9999 -9999 -9999 -9999 -9999 -9999 -9999 -9999 -9999 11890.75 10794.9501953125 7934.9521484375 5876.59716796875 4877.97119140625 4667.4521484375 4989.4677734375 5192.3798828125 5105.44677734375 4383.373046875 4423.134765625 4543.23583984375 4590.23876953125 5990.1689453125 7029.4208984375 7537.59716796875 7610.328125 7250.33203125 6813.22216796875 7132.173828125 6751.73876953125 5802.86376953125 4100.16015625 3761.38696289062 3655.97509765625 3558.49609375 3618.90600585938 3667.001953125 3942.07104492188 6023.505859375 7123.0830078125 7581.380859375 7626.81591796875 7801.1572265625 7777.40283203125 7296.35205078125 7590.00390625 7738.39306640625 7600.52197265625
-9999 -9999 -9999 -9999 -9999 -9999 -9999 -9999 -9999 -9999 -9999 -9999 -9999 -9999 10328.8701171875 9171.6162109375 7156.92919921875 5388.5458984375 4865.90576171875 5040.7998046875 4858.365234375 4912.57421875 4886.0009765625 4385.048828125 4199.998046875 4174.14697265625 4385.20703125 6175.01806640625 7421.58984375 7845.11181640625 7647.81884765625 7311.07080078125 7085.21484375 7536.69921875 7055.26708984375 5924.52490234375 4084.4619140625 3538.07690429688 3345.662109375 3301.88110351562 3450.2470703125 3574.97509765625 3926.30810546875 5848.26416015625 6890.99609375 7404.48095703125 7794.35009765625 7875.43994140625 7686.90478515625 7182.72216796875 7607.21923828125 7906.15380859375 7863.76513671875
-9999 -9999 -9999 -9999 -9999 -9999 -9999 -9999 -9999 -9999 -9999 -9999 -9999 -9999 -9999 9145.3427734375 6831.158203125 5350.3798828125 4872.65576171875 5678.6669921875 4780.56494140625 4486.2841796875 4416.919921875 4285.60595703125 3821.30200195312 3618.82202148438 3977.53491210938 5937.2939453125 7395.240234375 8121.36181640625 7759.45703125 7515.18310546875 7490.5498046875 8057.4619140625 7384.7880859375 6111.23876953125 4434.56103515625 3736.6708984375 3363.15991210938 3236.35888671875 3269.6669921875 3559.0859375 4140.08203125 5362.81982421875 6416.3427734375 7238.9228515625 7544.19921875 7458.34912109375 7269.18115234375 7061.9677734375 7638.0078125 7996.65283203125 7943.740234375
-9999 -9999 -9999 -9999 -9999 -9999 -9999 -9999 -9999 -9999 -9999 -9999 -9999 -9999 -9999 -9999 -9999 -9999 5361.880859375 4879.9267578125 4225.80908203125 4087.45703125 4115.14697265625 4089.27099609375 3910.35595703125 3701.82495117188 3532.42895507812 5675.14111328125 7353.34423828125 8297.88671875 8069.93212890625 7864.44189453125 7793.2080078125 8197.58984375 7671.94482421875 6641.0078125 5156.60595703125 4713.58203125 4190.23193359375 3301.82690429688 3288.28002929688 3757.80004882812 4517.22998046875 4461.3779296875 5880.4228515625 7292.15478515625 5690.38818359375 5422.8251953125 5790.23388671875 6846.72119140625 7674.30908203125 7739.25390625 6854.06005859375
-9999 -9999 -9999 -9999 -9999 -9999 -9999 -9999 -9999 -9999 -9999 -9999 -9999 -9999 -9999 -9999 -9999 -9999 6371.30712890625 5266.337890625 4396.47021484375 4393.1748046875 4450.3671875 3741.27587890625 3815.47607421875 3785.10498046875 3441.9970703125 5107.97802734375 6923.3359375 8412.890625 8333.845703125 8182.1630859375 8128.4208984375 8412.8857421875 7701.76220703125 6433.7841796875 4714.52783203125 4158.0068359375 3783.34008789062 3356.64892578125 3132.68896484375 3378.51391601562 3895.94702148438 3733.93310546875 4346.3798828125 5216.875 5523.2421875 5962.27685546875 6523.001953125 7220.89892578125 7351.44482421875 7329.55615234375 7187.06103515625
-9999 -9999 -9999 -9999 -9999 -9999 -9999 -9999 -9999 -9999 -9999 -9999 -9999 -9999 -9999 -9999 -9999 -9999 7681.43798828125 6940.333984375 5501.083984375 5136.08203125 4848.95703125 3604.79809570312 3736.876953125 3789.53588867188 3339.1669921875 4645.61181640625 6479.55078125 8437.060546875 8498.111328125 8446.66796875 8386.5390625 8399.43359375 7635.0751953125 6327.4169921875 4391.923828125 3752.14892578125 3484.4951171875 3397.78491210938 3000.77709960938 3004.65502929688 3330.12890625 3345.412109375 3245.63891601562 3452.81494140625 4997.408203125 5899.0068359375 6401.69677734375 6469.0009765625 6294.43798828125 6322.9169921875 6642.65185546875
-9999 -9999 -9999 -9999 -9999 -9999 -9999 -9999 -9999 -9999 -9999 -9999 -9999 -9999 -9999 -9999 -9999 -9999 9078.07421875 10380.490234375 7956.619140625 6330.05517578125 5072.3232421875 3965.337890625 3790.57299804688 3650.36010742188 3335.2919921875 4495.7587890625 6180.18212890625 8163.43115234375 8499.603515625 8616.0390625 8517.1943359375 7954.4677734375 7525.740234375 6706.15283203125 4902.5478515625 4313.8720703125 3913.55395507812 3497.44091796875 3013.81103515625 2956.98608398438 3192.52807617188 3493.68994140625 3386.875 3150.49194335938 3142.1279296875 3666.65502929688 3852.68701171875 3358.95703125 4222.39404296875 4417.13623046875 3774.44897460938
-9999 -9999 -9999 -9999 -9999 -9999 -9999 -9999 -9999 -9999 -9999 -9999 -9999 -9999 -9999 -9999 -9999 -9999 10533 11480.849609375 10447.01953125 7567.97119140625 4965.22119140625 5056.7578125 4160.458984375 3435.07690429688 3367.90893554688 4045.79907226562 5695.77490234375 7962.3662109375 8342.0302734375 8498.85546875 8555.1142578125 8505.3291015625 7563.11279296875 6454.5830078125 5673.84814453125 4580.7421875 3902.2099609375 3863.46508789062 3559.291015625 3921.31494140625 4645.10693359375 3917.60302734375 3516.037109375 3452.97705078125 3885.38891601562 3656.376953125 3477.7099609375 3812.52392578125 4686.26806640625 4747.4140625 3789.85791015625
-9999 -9999 -9999 -9999 -9999 -9999 -9999 -9999 -9999 -9999 -9999 -9999 -9999 -9999 -9999 -9999 -9999 -9999 10969.6103515625 11883.75 11823.83984375 9371.6953125 6976.169921875 7290.55908203125 5063.48388671875 3397.19409179688 3491.63305664062 3772.44506835938 4811.35888671875 6501.82177734375 7621.41015625 7974.64794921875 7986.5859375 8426.560546875 7511.39794921875 6325.166015625 5598.9150390625 4516.0029296875 3922.17211914062 4074.87890625 3855.712890625 4306.5009765625 5119.2060546875 4370.9501953125 4011.3779296875 4078.23291015625 4846.259765625 4241.9208984375 3758.22094726562 4317.56494140625 4762.5791015625 4547.32177734375 3623.71704101562
-9999 -9999 -9999 -9999 -9999 -9999 -9999 -9999 -9999 -9999 -9999 -9999 -9999 -9999 -9999 -9999 -9999 -9999 11075.25 11707.8095703125 11975.75 11562.6796875 11036.3603515625 10557.98046875 6616.80908203125 3898.97094726562 3947.2900390625 4034.61303710938 3864.38208007812 3587.36596679688 6273.1689453125 6900.1298828125 6685.55908203125 7397.2451171875 7095.5380859375 6269.36083984375 4607.42919921875 4155.71923828125 4015.65307617188 4098.3408203125 3778.64892578125 3911.2060546875 4387.15576171875 4700.0439453125 4695.19189453125 4848.8671875 5598.56689453125 4941.76123046875 4395.48779296875 4607.93798828125 4066.90209960938 3526.412109375 3041.9150390625
-9999 -9999 -9999 -9999 -9999 -9999 -9999 -9999 -9999 -9999 -9999 -9999 -9999 -9999 -9999 -9999 -9999 -9999 11302.6201171875 11728.41015625 12027.9296875 11941.25 11584.5400390625 10921.41015625 9169.6015625 7694.134765625 7040.85693359375 6929.7919921875 5968.0751953125 4335.60791015625 4560.68017578125 4559.2529296875 4432.1982421875 4549.18505859375 4705.73095703125 4658.47705078125 4108.26806640625 3955.55297851562 3894.8740234375 3841.32299804688 3479.19604492188 3552.88305664062 3940.26196289062 3764.6259765625 3650.498046875 3695.48291015625 4173.826171875 4195.0732421875 4198.8330078125 4407.45703125 3723.712890625 3251.10107421875 3242.787109375
-9999 -9999 -9999 -9999 -9999 -9999 -9999 -9999 -9999 -9999 -9999 -9999 -9999 -9999 -9999 -9999 -9999 -9999 11556.1298828125 11984.9599609375 12195.650390625 11911.3798828125 11429.58984375 10959.5400390625 10329.080078125 9681.5146484375 9087.146484375 8839.0966796875 7861.48779296875 6134.908203125 4496.47216796875 3655.86303710938 3343.98608398438 3231.4619140625 3477.82397460938 3731.49194335938 3710.39404296875 3670.77001953125 3588.60595703125 3432.50390625 3033.85205078125 3124.3740234375 3544.6650390625 3284.7919921875 3180.57006835938 3207.63208007812 3361.84204101562 3811.23901367188 4185.26318359375 4208.55810546875 3634.4619140625 3674.7080078125 4528.1591796875
