Variables/MIS4/biomass.asc
NCOLS 258 
NROWS 132 
XLLCORNER -10.933275447 
YLLCORNER 36.059072361 
CELLSIZE 0.11561 
NODATA_value -9999 
[rows 48 to 71 of 132, columns 106 to 158 of 258]
5531.421875 5656.2958984375 4563.0029296875 5288.173828125 5730.587890625 5043.43994140625 4650.60009765625 4533.2138671875 4637.12109375 4980.39599609375 5058.869140625 4964.0849609375 4960.76318359375 4891.53515625 4660.98095703125 4312.8349609375 5515.35205078125 6093.9970703125 5322.5771484375 4870.9169921875 5569.02197265625 7108.89990234375 6465.43603515625 5504.27099609375 4713.3271484375 5320.8818359375 5895.841796875 5880.533203125 4511.64599609375 4488.34912109375 4496.47900390625 4380.462890625 6458.56298828125 7725.69482421875 8244.466796875 8478.220703125 8777.7646484375 9044.2412109375 9114.0732421875 9104.3515625 9241.3935546875 9665.0986328125 10280.4599609375 10598.9404296875 10529.1904296875 10198.6103515625 6640.44287109375 1624.19104003906 2420.13110351562 5592.57177734375 8393.6162109375 6335.22998046875 6971.22607421875
5892.466796875 6563.5830078125 5487.6591796875 5629.8349609375 5642.4580078125 4977.70703125 5111.44091796875 5739.5927734375 6715.27978515625 6817.26513671875 6037.21923828125 5205.5029296875 6834.51611328125 7227.837890625 6698.7939453125 5039.37109375 5236.7421875 5596.55078125 5714.68798828125 6470.90087890625 6988.173828125 7237.7421875 7477.3427734375 6033.81689453125 4432.02685546875 5942.23876953125 5424.20703125 4560.5517578125 4365.44287109375 4435.240234375 4520.0458984375 4671.72314453125 6592.3671875 7876.80908203125 8524.193359375 8860.6669921875 8921.3115234375 8845.0556640625 8751.4736328125 8842.6337890625 9093.552734375 9552.9208984375 9650.6552734375 10091.5595703125 10824.900390625 9376.3642578125 7849.5439453125 5988.0009765625 2108.43798828125 1534.35803222656 2000.24401855469 1569.48999023438 1679.76293945312
6211.68310546875 6581.27880859375 5331.3662109375 5591.7099609375 5623.70703125 4729.77294921875 5655.7900390625 6263.26904296875 6304.1591796875 6555.2021484375 5934.39697265625 5232.0888671875 6661.6171875 7574.30517578125 7695.64990234375 6419.9638671875 6050.27099609375 5931.72900390625 5976.82080078125 7186.06884765625 7652.744140625 7391.22802734375 7697.5869140625 6475.2568359375 5061.14990234375 6163.634765625 5937.26123046875 5530.06982421875 5676.64208984375 5295.02294921875 5296.26513671875 5972.8291015625 7146.216796875 8010.0361328125 8543.109375 8836.4384765625 8933.0263671875 8930.7744140625 8905.5234375 9184.4951171875 9455.5244140625 9568.0849609375 10006.349609375 10308.26953125 10294.0595703125 9371.2822265625 9010.416015625 8082.0869140625 2218.75805664062 392.803100585938 1328.57397460938 5053.35400390625 4723.044921875
5976.037109375 5959.55517578125 5088.03515625 5425.3662109375 5398.01904296875 4353.80322265625 5790.9140625 6231.28515625 5466.69677734375 5668.73291015625 5645.41015625 5632.1201171875 6489.30419921875 7534.93310546875 8159.4541015625 7570.875 6832.92822265625 6310.10986328125 6196.56884765625 7445.97314453125 7905.1162109375 7576.31103515625 7649.95703125 6702.5791015625 5620.02685546875 6292.5751953125 6711.35888671875 6968.451171875 7038.7568359375 6185.873046875 6074.0517578125 7087.908203125 7655.416015625 8113.57177734375 8486.462890625 8722.9853515625 8854.8369140625 8963.2861328125 9161.35546875 9595.521484375 9771.2197265625 9375.4775390625 10573.0302734375 11044.8896484375 10445.5400390625 9691.4677734375 9623.79296875 9186.2158203125 3837.98291015625 1539.25500488281 2494.74291992188 9005.728515625 8831.115234375
4485.31201171875 4531.72509765625 5730.626953125 5287.244140625 4623.22607421875 4177.662109375 4888.76220703125 5482.2548828125 5811.47900390625 5118.1337890625 5877.85400390625 7414.53515625 8093.666015625 8316.728515625 8234.4072265625 7733.9609375 6591.0732421875 6075.3271484375 6675.36376953125 7379.45703125 7817.61376953125 7965.09814453125 7637.81591796875 6507.4140625 5423.81396484375 6504.43994140625 7236.94091796875 7545.55810546875 7159.77783203125 6371.8662109375 6215.7509765625 6972.7529296875 7690.7861328125 8158.255859375 8428.302734375 8749.08984375 8695.0947265625 8618.5859375 9237.015625 9653.7802734375 9547.8896484375 8570.4033203125 10773.7802734375 12343.080078125 12823.08984375 10068.740234375 9005.8291015625 9051.341796875 8736.744140625 5539.56787109375 3186.04711914062 6456.2958984375 8112.63916015625
4820.2568359375 4223.55078125 4821.92822265625 5029.77197265625 4887.97998046875 4374.51318359375 4686.35693359375 5145.9267578125 5571.52978515625 5455.005859375 6603.05810546875 8281.599609375 8575.1162109375 8468.6220703125 8113.78515625 7504.35009765625 7182.462890625 6875.07177734375 6539.9619140625 6778.31396484375 7188.52978515625 7569.7939453125 7103.47314453125 6817.77099609375 6797.23486328125 7290.908203125 7656.3359375 7733.7529296875 7277.18017578125 6840.7021484375 6547.1181640625 6514.2041015625 7346.68017578125 7979.92578125 8398.3486328125 8884.5126953125 9165.8525390625 9284.7587890625 9211.5517578125 10216.3896484375 11027.6904296875 10910.509765625 10618.7197265625 10483.01953125 10447.5 9385.7109375 8816.53515625 8923.201171875 10376.1201171875 8866.533203125 7057.1728515625 7881.337890625 8361.97265625
5164.90380859375 4715.90283203125 4911.841796875 5140.01416015625 5164.7568359375 4860.13818359375 5128.28515625 5383.591796875 5559.0478515625 5787.4541015625 7002.92822265625 8534.673828125 8559.046875 8252.2392578125 7824.294921875 7403.990234375 7718.14306640625 7669.3369140625 6917.39892578125 6830.13818359375 7077.93115234375 7460.33203125 6984.06982421875 7276.81201171875 7857.865234375 7808.0927734375 7754.63623046875 7555.541015625 7047.3271484375 6900.3798828125 6627.52978515625 6214.27783203125 7168.02783203125 7949.48193359375 8519.8828125 9180.849609375 9631.837890625 9775.5380859375 9237.1806640625 10508.73046875 11720.08984375 11864.3603515625 10327.1201171875 9291.5478515625 9151.1025390625 9532.4130859375 9167.91015625 8644.8759765625 10195.1396484375 10318.8603515625 9772.1552734375 9043.88671875 8555.33203125
5110.091796875 6050.3291015625 6703.4677734375 5776.56884765625 5223.61083984375 5771.0927734375 6157.98291015625 6203.52197265625 5888.671875 5821.98486328125 6723.9169921875 8047.35595703125 8087.22900390625 7725.0498046875 7387.69482421875 7579.43505859375 7918.4248046875 8138.6279296875 8226.3134765625 7899.27099609375 7819.06103515625 7883.34912109375 7572.39013671875 7770.30810546875 8109.73193359375 7797 7442.52978515625 6975.72021484375 6308.2421875 6328.15185546875 6313.80419921875 6196.73486328125 7325.41796875 8164.63623046875 8842.91015625 9630.0947265625 9858.775390625 9763.2451171875 9388.306640625 10271.08984375 10867.08984375 10243.919921875 10045.33984375 9963.533203125 10229.349609375 11084.0595703125 10123.9501953125 8187.80810546875 8362.4384765625 9344.736328125 9983.6494140625 8843.15234375 8390.7373046875
6625.93798828125 6512.4150390625 5825.22900390625 5968.14697265625 5985.52783203125 5466.5478515625 5293.9521484375 5316.44677734375 5430.80810546875 5007.81396484375 5557.76806640625 6626.35302734375 7079.0029296875 7578.048828125 7914.2880859375 7802.39111328125 7947.01416015625 8034.7578125 7969.34521484375 8007.11181640625 7947.82177734375 7800.408203125 7737.26904296875 7884.47900390625 8042.22802734375 7796.9189453125 7349.85693359375 6861.44287109375 6428.27001953125 6222.85009765625 6262.7529296875 6607.73486328125 7394.55322265625 7978.81298828125 8415.3564453125 9136.8994140625 9525.90625 9687.4423828125 9646.7978515625 10108.150390625 10522.509765625 10611.7099609375 11161.5595703125 10961.9296875 10059.6796875 11516.66015625 10513.33984375 8289.935546875 9296.33984375 9078.8173828125 8555.693359375 8672.6845703125 8291.9296875
6933.02001953125 6062.98193359375 5314.27099609375 5543.9267578125 5554.59912109375 4829.8779296875 4887.328125 5187.43798828125 5511.83203125 4863.05908203125 5062.71484375 5846.85595703125 6593.06396484375 7489.09716796875 8143.2998046875 8059.88623046875 7944.666015625 7841.0341796875 7777.26416015625 7910.02783203125 7894.18310546875 7751.62890625 7822.4111328125 7894.60400390625 7870.01513671875 7500.43896484375 6971.52490234375 6393.97216796875 5839.06787109375 5899.43994140625 6276.81298828125 6912.005859375 7394.71923828125 7860.71923828125 8331.7958984375 8848.541015625 9124.3818359375 9279.00390625 9424.1796875 9780.66015625 10073.3603515625 10171.400390625 11081.5400390625 11211.1796875 10489.1796875 11543.2001953125 10490.5595703125 8461.0126953125 9447.8095703125 9769.5263671875 9659.017578125 9190.1123046875 8521.9560546875
6058.89501953125 5041.98876953125 5264.744140625 4838 4343.09814453125 4046.03393554688 5019.73779296875 5692.18310546875 6024.90283203125 5300.5888671875 5276.412109375 5721.701171875 6494.78076171875 7191.619140625 7852.0830078125 8239.60546875 7860.3271484375 7600.73583984375 7646.64111328125 7722.708984375 7755.52099609375 7744.39599609375 7830.22802734375 7772.1611328125 7561.1201171875 6911.35400390625 6363.19580078125 5720.2998046875 4792.953125 5473.3330078125 6306.53515625 7191.8818359375 7350.72509765625 7837.45703125 8550.2119140625 8759.3193359375 8717.9228515625 8621.7333984375 8790.564453125 9287.546875 9503.48828125 9003.9130859375 9893.7470703125 10726.33984375 11405.9501953125 11498.8896484375 10580.4697265625 8973.8662109375 8880.609375 11077.349609375 12796.1298828125 10201.7001953125 8975.3896484375
5438.52490234375 5506.7138671875 5344.037109375 5508.0927734375 5485.61376953125 5033.3251953125 4926.8408203125 4961.25390625 5095.52880859375 5195.7431640625 5687.6708984375 6190.81982421875 5532.89111328125 5514.43896484375 6040.68896484375 7293.533203125 7328.671875 7265.2060546875 7406.453125 7576.43701171875 7752.84423828125 7876.5322265625 7555.2978515625 7169.1220703125 6708.201171875 6069.6298828125 6025.43115234375 6104.2587890625 6037.0068359375 5895.259765625 6198.68896484375 7061.5029296875 7369.537109375 7798.7958984375 8287.4169921875 8302.3642578125 8317.533203125 8327.412109375 8303.078125 8714.67578125 9002.421875 8855.7080078125 9202.919921875 9950.978515625 11122.6904296875 12830.740234375 13328.51953125 12548.9404296875 9536.658203125 11409.41015625 13456.259765625 10274.2099609375 9046.8896484375
6502.88916015625 6069.23291015625 5881.091796875 5829.2998046875 5743.671875 5556.35791015625 5594.84423828125 5473.1689453125 5235.8662109375 5645.0732421875 5745.1767578125 5678.2998046875 5883.97509765625 6097.4541015625 6422.759765625 7007.72705078125 7021.35693359375 7110.72509765625 7466.76611328125 7508.5888671875 7481.3779296875 7351.4208984375 6740.7919921875 6396.10009765625 6086.3671875 5304.9638671875 5596.48486328125 6132.9912109375 6415.296875 6005.1181640625 5857.7919921875 6261.4580078125 7112.3740234375 7684.04296875 7977.83984375 8166.93994140625 8276.2548828125 8294.384765625 8136.98779296875 8254.1474609375 8523.279296875 8930.228515625 9252.197265625 9833.87890625 10844.349609375 12941.9296875 12966.9697265625 11686.2998046875 11449.650390625 12872.8701171875 13782.7998046875 11386.0498046875 9886.3076171875
8001.38818359375 6575.86279296875 6740.8369140625 6106.18115234375 5587.7861328125 5611.2578125 6303.85986328125 6290.5908203125 5575.0830078125 5949.81005859375 5528.80908203125 5003.55810546875 6604.89990234375 7250.8310546875 7316.8291015625 6701.3330078125 6738.98876953125 7077.90380859375 7645.4951171875 7514.66796875 7160.7431640625 6629.17822265625 5990.7451171875 5772.705078125 5599.8349609375 4736.9482421875 5162.22412109375 5799.6611328125 6012.39013671875 5561.22509765625 5206.36279296875 5146.794921875 6730.4482421875 7574.6220703125 7787.044921875 8248.259765625 8424.8974609375 8405.1357421875 8190.7548828125 7978.2099609375 8128.8388671875 8976.0517578125 9462.5556640625 9909.212890625 10429.8701171875 12260.7001953125 11250.5703125 9163.5087890625 12949.08984375 13737.1298828125 13271.1298828125 12458.599609375 11197.8203125
7886.43212890625 6733.02880859375 7896.2548828125 6996.58203125 5786.10498046875 4876.6630859375 5689.69482421875 5727.39208984375 4853.0517578125 4618.3349609375 5038.462890625 5777.296875 6068.4677734375 6048.2587890625 5715.63818359375 4953.30615234375 6089.05517578125 7127.18408203125 7525.951171875 7634.9501953125 7186.01318359375 6349.51123046875 6518.01806640625 5946.5380859375 5092.6572265625 4773.8388671875 4914.0078125 4884.0009765625 4227.02392578125 3846.60498046875 3881.42602539062 4514.12890625 6439.31787109375 7627.826171875 8145.0087890625 8473.9912109375 8559.625 8524.9853515625 8445.1591796875 8124.6591796875 8004.17822265625 8364.248046875 8876.48828125 9388.150390625 9926.6552734375 11170.6103515625 10860.1796875 9763.5380859375 10508.150390625 10331.8603515625 10223.41015625 11429.8095703125 12664.080078125
7619.9091796875 7549.0322265625 7643.14599609375 7139.623046875 6365.06982421875 5450.7041015625 5545.091796875 5418.6220703125 4915.34912109375 4377.708984375 5091.6337890625 6330.748046875 6301.34716796875 5932.869140625 5606.8759765625 5696.27490234375 6455.4208984375 6967.22119140625 6914.01123046875 6924.94189453125 6495.9267578125 5796.93310546875 6049.6318359375 5634.43115234375 5202.298828125 6194.3837890625 6234.27197265625 5849.76708984375 5245.26611328125 5195.462890625 5492.7490234375 6159.85400390625 7365.06494140625 7958.71484375 8023.6259765625 8126.78515625 8104.05810546875 8022.7099609375 7952.005859375 7854.02392578125 7887.4169921875 8195.501953125 8816.9873046875 9314.8984375 9611.09765625 9878.6806640625 9513.056640625 8754.9892578125 8246.951171875 7774.23486328125 7670.3369140625 8576.6611328125 10309.1396484375
7412.06005859375 8047.10986328125 7208.5810546875 7254.3388671875 7282.98193359375 6923.40185546875 6293.05517578125 5820.69189453125 5531.0048828125 5131.48095703125 5652.421875 6569.7548828125 6497.9208984375 6189.14306640625 6073.19287109375 6647.7138671875 6898.55615234375 6879.3828125 6578.92919921875 6670.45703125 6328.0810546875 5677.35400390625 6038.7822265625 6008.5029296875 5971.2099609375 6834.93701171875 7131.26611328125 7131.18115234375 6883.3720703125 6943.02880859375 7401.1982421875 8281.4873046875 8633.0751953125 8635.783203125 8390.4384765625 8175.93310546875 7993.2861328125 7873.365234375 7914.03076171875 7913.85302734375 7969.2578125 8150.34521484375 8393.1025390625 8616.0859375 8783.251953125 8655.9150390625 8286.0234375 7730.5068359375 7027.94189453125 6365.25 5831.98681640625 5619.375 7202.869140625
7376.75 7512.82177734375 7192.43115234375 7702.10009765625 8567.98046875 9665.2998046875 8378.7919921875 7392.1650390625 6757.5732421875 7190.02392578125 6878.94921875 6191.73681640625 6175.27490234375 6505.1748046875 6784.1748046875 6627.55517578125 6872.3232421875 7078.19384765625 7064.2861328125 7761.39404296875 7577.64599609375 6694.7958984375 7489.52490234375 7925.6650390625 7760.216796875 5092.81005859375 6234.6748046875 7888.5859375 8174.5517578125 7552.73486328125 8091.97412109375 10199.400390625 9766.251953125 9695.3779296875 10026.599609375 9305.8515625 8872.6689453125 8788.439453125 9218.169921875 8839.0888671875 8423.4384765625 8154.966796875 6980.87890625 6500.16796875 6823.6650390625 7728.72314453125 7906.09619140625 7668.90087890625 7744.294921875 6605.130859375 5131.76708984375 3595.68701171875 -9999
6663.908203125 6043.15185546875 6364.76513671875 6332.5458984375 6317.77099609375 6447.14599609375 5927.2998046875 6311.26904296875 7631.85595703125 8288.4130859375 7798.4208984375 6807.64111328125 6791.37890625 6837.36083984375 6527.77685546875 5353.60595703125 6844.33984375 7957.70703125 7670.2529296875 6915.52490234375 7167.255859375 8100.0458984375 6988.5048828125 6666.2529296875 6515.494140625 5141.98388671875 5683.84521484375 6581.1328125 6881.77001953125 6640.328125 6947.30810546875 8003.36083984375 7985.916015625 7014.39013671875 5848.35400390625 7658.06689453125 8297.630859375 8433.6435546875 8952.341796875 8496.8466796875 7965.537109375 7778.7470703125 7266.86376953125 7561.8408203125 8674.138671875 8239.9287109375 7949.31005859375 7605.3671875 6071.9990234375 4427.31005859375 -9999 -9999 -9999
6346.13720703125 5761.00390625 6223.06396484375 5968.7958984375 5503.01123046875 5026.93408203125 5601.47412109375 6709.2158203125 8120.2529296875 8610.759765625 8371.0029296875 7754.201171875 7438.4091796875 7092.31005859375 6431.7958984375 5074.26318359375 6595.60107421875 7680.00390625 7217.033203125 5907.77685546875 6336.384765625 7981.4228515625 6217.06201171875 5524.7919921875 5475.84423828125 5270.501953125 5494.27099609375 5749.40478515625 -9999 5883.10986328125 6064.34814453125 6313.4169921875 6450.126953125 4981.02099609375 3067.77392578125 6426.6982421875 7740.7412109375 8013.3291015625 8388.525390625 8069.2939453125 7733.21484375 7713.77294921875 7644.72412109375 8224.2724609375 9366.95703125 8594.90234375 8209.3515625 6872.326171875 -9999 -9999 -9999 -9999 -9999
6629.880859375 6988.76806640625 6984.10107421875 7042.77392578125 6945.0048828125 6381.8388671875 8446.8583984375 9105.5390625 8191.09423828125 8131.07421875 8440.3818359375 8866.1845703125 7854.94384765625 7153.7060546875 6640.97216796875 6167.43115234375 6083.17578125 5980.68212890625 5542.16796875 5193.0810546875 5467.94921875 6101.5849609375 5475.27392578125 5205.20703125 5132.9599609375 5223.7861328125 5674.89501953125 5841.02685546875 5213.36181640625 5642.06689453125 5834.34619140625 5625.76904296875 5735.89892578125 4647.501953125 2635.90502929688 6023.9677734375 7280.5849609375 7610.11181640625 7723.0322265625 7852.6240234375 7934.625 8032.39111328125 7811.748046875 7854.15380859375 8111.330078125 8490.5712890625 7881.50390625 -9999 -9999 -9999 -9999 -9999 -9999
6744.27978515625 6939.56591796875 6654.47412109375 6588.037109375 6841.23876953125 7534.34716796875 8100.36279296875 8109.2099609375 7567.328125 7061.0390625 6982.37890625 7052.52197265625 6529.77001953125 6245.63818359375 6047.93115234375 5833.34912109375 5587.20703125 5488.51513671875 5607.658203125 5638.4521484375 -9999 -9999 -9999 -9999 -9999 -9999 -9999 5560.60888671875 5466.6611328125 -9999 -9999 -9999 -9999 -9999 3938.27294921875 3520.14697265625 4523.97900390625 5157.2587890625 7588.3720703125 8101.8662109375 8112.59521484375 8142.15185546875 8209.8466796875 8293.7353515625 8381.9951171875 8386.658203125 -9999 -9999 -9999 -9999 -9999 -9999 -9999
7813.34521484375 7764.3759765625 7248.77001953125 6779.82080078125 6738.4619140625 7376.7939453125 7740.83203125 7817.576171875 7599.57177734375 7062.0927734375 6748.1591796875 6555.89697265625 6198.78076171875 5973.0517578125 5792.76611328125 5597.30517578125 5356.39013671875 5343.2568359375 5615.6591796875 -9999 -9999 -9999 -9999 -9999 -9999 -9999 -9999 -9999 -9999 -9999 -9999 -9999 -9999 -9999 -9999 -9999 -9999 4575.43212890625 5402.71484375 6559.9619140625 7920.3310546875 7906.69091796875 8007.5 8070.48486328125 -9999 -9999 -9999 -9999 -9999 -9999 -9999 -9999 -9999
9361.1083984375 9182.5498046875 8471.7109375 7634.623046875 7015.7431640625 6770.8330078125 7909.82421875 8374.8349609375 8138.673828125 7839.9990234375 7485.080078125 7092.82177734375 6670.43212890625 6274.884765625 5863.4921875 5423.2890625 5234.3701171875 -9999 -9999 -9999 -9999 -9999 -9999 -9999 -9999 -9999 -9999 -9999 -9999 -9999 -9999 -9999 -9999 -9999 -9999 -9999 -9999 -9999 -9999 -9999 -9999 7349.17919921875 7408.19091796875 7387.912109375 -9999 -9999 -9999 -9999 -9999 -9999 -9999 -9999 -9999
