Variables/MIS4/biomass.asc
NCOLS 258 
NROWS 132 
XLLCORNER -10.933275447 
YLLCORNER 36.059072361 
CELLSIZE 0.11561 
NODATA_value -9999 
[rows 24 to 47 of 132, columns 53 to 105 of 258]
10233.080078125 12115.9296875 11976.83984375 11524.8203125 11158.5498046875 10873.2900390625 10696.580078125 10065.580078125 10158.8896484375 11692.76953125 12870.599609375 13037.1298828125 12197.3701171875 11416.1796875 10772.76953125 10259.5703125 9925.6650390625 9173.6015625 8570.865234375 8772.16796875 8776.1982421875 8567.40234375 8134.8330078125 8104.89599609375 7947.19482421875 7676.97998046875 7794.171875 7701.62890625 7531.0498046875 7577.6572265625 7683.3408203125 7757.18798828125 7713.3251953125 7586.77978515625 7447.73583984375 7308.462890625 7115.97802734375 7030.67578125 7010.3369140625 6816.51904296875 6820.10009765625 6892.94287109375 6849.884765625 6705.05908203125 6637.5341796875 6770.8408203125 6789.498046875 6707.1279296875 6536.9150390625 6454.65380859375 6342.97900390625 6234.0419921875 6275.34521484375
12255.009765625 12189.8798828125 12045.7099609375 11462.240234375 11130.0703125 10919.4404296875 10714.25 9670.0361328125 9341.1123046875 10633.6103515625 11867.6298828125 12576.2099609375 12680.0498046875 11966.3798828125 11409.330078125 10949.900390625 10428.1298828125 10006.4501953125 9616.5986328125 9197.62890625 8942.3212890625 8596.470703125 8084.3701171875 8155.69921875 8183.9677734375 8133.625 8128.40478515625 7956.94384765625 7708.7119140625 7525.7998046875 7594.828125 7701.26123046875 7704.6318359375 7572.3671875 7457.2431640625 7384.01611328125 7070.1279296875 6947.501953125 6981.9169921875 6918.9169921875 6811.23486328125 6666.46484375 6464.06689453125 6545.673828125 6654.43505859375 6673.44677734375 6730.833984375 6686.09619140625 6530.2421875 6582.130859375 6463 6249.19677734375 6255.365234375
11898.599609375 11649.3896484375 11360.25 10997.8701171875 10784.73046875 10656.75 10619.2998046875 10207.240234375 9928.4384765625 10020.8603515625 9836.560546875 10442.2099609375 11859.5703125 12458.83984375 12682.3603515625 12530.4599609375 11430.7802734375 10658.0498046875 10020.5595703125 9389.19921875 9173.4482421875 8794.5693359375 8080.89990234375 8256.1748046875 8437.53515625 8524.8232421875 8203.140625 7940.80908203125 7743.39208984375 7637.04296875 7549.18212890625 7547.28515625 7733.9658203125 7589.98291015625 7405.89697265625 7202.65380859375 7046.2041015625 6950.35986328125 6904.375 6869.294921875 6741.880859375 6587.0400390625 6503.3017578125 6586.38720703125 6657.27978515625 6611.80517578125 6644.1669921875 6364.81689453125 5771.9580078125 6317.86083984375 6477.8779296875 6353.05908203125 6401.490234375
11723.6103515625 11468.76953125 11218.080078125 11136.8203125 10923.0400390625 10678.1396484375 10524.3896484375 10334.23046875 10147.3798828125 9977.3720703125 9702.13671875 9928.537109375 10642.599609375 10867.7900390625 11255.8896484375 11622.5 11296 11141.66015625 10946.7900390625 10451.75 9633.4208984375 8896.869140625 8431.203125 8532.787109375 8460.447265625 8190.43505859375 8156.97802734375 7701.1162109375 7214.82177734375 7582.19384765625 7669.98193359375 7348.26708984375 6340.42919921875 5934.80908203125 6135.43212890625 6931.4609375 6971.84423828125 6916.9521484375 6848.01123046875 6793.65478515625 6717.6669921875 6632.11279296875 6552.51611328125 6518.31298828125 6565.0849609375 6731.6572265625 6637.76416015625 6376.69921875 6039.9658203125 6394.00390625 6520.72802734375 6441.962890625 6373.57080078125
11643.0498046875 11406.3798828125 11144.2001953125 11140.240234375 10967.5400390625 10661.8896484375 10356.0595703125 10228.740234375 10135.169921875 10022.009765625 9867.3388671875 9768.02734375 9714.197265625 9465.6767578125 9652.5556640625 10111.16015625 10430.58984375 10831.25 11165.7998046875 11237.8603515625 9714.208984375 8544.923828125 8407.033203125 8553.3232421875 8401.1669921875 8009.4521484375 8215.8828125 7691.09912109375 7033.07177734375 7619.873046875 7443.60400390625 6789.3017578125 5636.9150390625 5149.01708984375 5502.9931640625 6770.2470703125 6895.4912109375 6858.01220703125 6754.35302734375 6642.52685546875 6628.13623046875 6629.93115234375 6515.31494140625 6147.35009765625 6089.73583984375 6750.1689453125 6661.38818359375 6439.61083984375 6206.97900390625 6310.7509765625 6427.5517578125 6489.4990234375 6263.7578125
-9999 11325.7998046875 -9999 10665.4501953125 10556.4296875 10421.1396484375 10044.169921875 9915.5361328125 9878.7119140625 9913.3671875 9548.6328125 9387.185546875 9459.921875 9551.107421875 9238.39453125 8719.431640625 8796.96875 9137.357421875 9761.478515625 11023.080078125 9000.732421875 7449.4580078125 7573.2177734375 8017.23486328125 8320.953125 8529.1357421875 8522.259765625 8187.07080078125 7860.06982421875 7909.97900390625 6511.64111328125 5599.55810546875 7096.77783203125 6899.826171875 6728.89990234375 6780.26416015625 6839.4208984375 6765.4130859375 6581.22900390625 6351.22314453125 6372.64990234375 6469.673828125 6310.80419921875 5317.57177734375 4972.18798828125 6482.55078125 6685.77783203125 6414.97216796875 5738.90478515625 5764.2568359375 6073.97412109375 6480.95703125 6094.89208984375
-9999 -9999 -9999 -9999 10058.009765625 9962.6962890625 9810.052734375 9652.27734375 9524.56640625 9351.095703125 9220.591796875 9155.1025390625 9157.5732421875 9209.5830078125 8997.04296875 8564.1201171875 7948.873046875 8384.384765625 9241.2978515625 10088.9599609375 9715.0068359375 8894.84765625 7901.43505859375 8331.748046875 8457.791015625 8164.09814453125 8075.32177734375 7318.8701171875 6561.71923828125 7337.662109375 6756.81298828125 6244.8701171875 6912.3291015625 7031.1201171875 6962.09521484375 6782.88916015625 6672.60498046875 6539.27099609375 6306.0400390625 5602.27392578125 5778.90087890625 6265.48681640625 6259.966796875 5795.18017578125 5637.75 6304.43212890625 6416.02783203125 6363.26806640625 6225.73876953125 6159.2138671875 6102.0390625 6063.46484375 6108.27197265625
-9999 -9999 -9999 -9999 -9999 -9999 -9999 -9999 -9999 -9999 -9999 9028.7607421875 8985.1611328125 8952.759765625 8846.5458984375 8588.28515625 7854.63818359375 8124.990234375 8628.9951171875 8716.4892578125 9351.5166015625 9303.861328125 8137.33203125 8315.1015625 8056.14892578125 7330.44189453125 7291.89599609375 6932.587890625 6586.337890625 7101.38818359375 6814.74609375 6430.47412109375 6439.26611328125 6673.34912109375 6859.13818359375 6897.75390625 6582.52197265625 6367.6611328125 6167.0361328125 5348.02197265625 5602.2958984375 6247.298828125 6335.1162109375 6259.56591796875 6214.9130859375 6312.28076171875 6254.17919921875 6256.77783203125 6356.93408203125 6445.2080078125 6223.26416015625 5845.326171875 5835.9990234375
-9999 -9999 -9999 -9999 -9999 -9999 -9999 -9999 -9999 -9999 -9999 -9999 8976.87109375 8879.177734375 8776.8837890625 8661.126953125 8477.810546875 8259.1630859375 7850.96484375 6953.11083984375 7656.47900390625 8157.662109375 8176.57177734375 7819.27099609375 7169.97412109375 6117.5458984375 6455.7998046875 7363.93212890625 8322.2392578125 7288.14501953125 6451.68017578125 5880.43212890625 5790.51611328125 6114.798828125 6556.72998046875 7209.94384765625 6549.884765625 6248.76806640625 6180.3671875 5711.6171875 5950.64111328125 6437.0927734375 6513.0419921875 6438.94287109375 6390.68896484375 6451.93408203125 6251.40185546875 6084.08203125 5962.578125 6408.4482421875 6335.36376953125 5889.10400390625 5275.22412109375
-9999 -9999 -9999 -9999 -9999 -9999 -9999 -9999 -9999 -9999 -9999 -9999 8546.537109375 8916.0419921875 8787.5517578125 8627.072265625 8572.4833984375 8421.2255859375 8174.119140625 7785.35693359375 7814.3818359375 7979.046875 8190.4130859375 7950.5478515625 8132.6650390625 8638.8759765625 8178.84814453125 7762.328125 7238.03076171875 6090.5498046875 6329.02783203125 6501.4140625 5512.47998046875 6130.90087890625 6450.658203125 6015.89208984375 5964.8671875 5776.71923828125 5512.8779296875 5686.158203125 6065.2080078125 6437.0087890625 6443.55810546875 6469.73095703125 6444.7587890625 6305.658203125 6037.0029296875 5831.4658203125 5750.7138671875 6002.046875 6015.041015625 5843.9970703125 5703.02392578125
-9999 -9999 -9999 -9999 -9999 -9999 -9999 -9999 -9999 -9999 -9999 -9999 -9999 8407.96484375 8922.1083984375 8766.8779296875 8657.30859375 8487.09765625 8326.7587890625 8253.7490234375 8132.35205078125 8068.205078125 8099.66015625 8038.31396484375 8160.93017578125 8325.7958984375 7486.62890625 6918.30517578125 6476.4560546875 5796.10498046875 6234.39306640625 6570.73876953125 5843.23681640625 5762.908203125 5723.7861328125 5526.23193359375 4762.64697265625 4901.4541015625 5708.3720703125 5722.59619140625 6063.06298828125 6445.23486328125 6350.56982421875 5960.1298828125 5746.94677734375 6022.2958984375 5904.59716796875 5813.31787109375 5830.3349609375 5884.48876953125 5832.0830078125 5735.64501953125 5821.8251953125
-9999 -9999 -9999 -9999 -9999 -9999 -9999 -9999 -9999 -9999 -9999 -9999 -9999 -9999 -9999 8989.3935546875 8726.8291015625 8501.9453125 8354.962890625 8396.0283203125 8375.9326171875 8244.37890625 7939.02490234375 8031.466796875 7561.93408203125 6474.9150390625 5521.751953125 5530.9677734375 5980.84716796875 6113.81591796875 6198.06787109375 6306.98876953125 6543.583984375 5340.1669921875 4903.23095703125 5733.34521484375 3825.22705078125 4320.4970703125 6551.64501953125 5857.8251953125 6023.5517578125 6446.6748046875 6280.81396484375 5335.42919921875 4850.2919921875 5801.791015625 5910.2548828125 5969.56494140625 6100.2470703125 5975.43505859375 5808.52392578125 5637.494140625 5728.759765625
-9999 -9999 -9999 -9999 -9999 -9999 -9999 -9999 -9999 -9999 -9999 -9999 -9999 -9999 -9999 -9999 8661.3876953125 8614.8779296875 8599.7587890625 8365.798828125 8208.74609375 8095.162109375 8020.61083984375 7868.7109375 7709.4931640625 7491.8251953125 6757.06298828125 5883.65185546875 5265.990234375 6001.5869140625 6424.98876953125 6665.216796875 6720.10107421875 6207.30078125 6040.63623046875 6444.64013671875 6502.884765625 6625.70703125 6736.94384765625 6214.64306640625 6144.23779296875 6290.23779296875 6377.66796875 6024.80712890625 5868.77685546875 6318.79296875 6261.48486328125 6137.423828125 6017.248046875 5977.14599609375 5966.0478515625 5963.80712890625 5906.89892578125
-9999 -9999 -9999 -9999 -9999 -9999 -9999 -9999 -9999 -9999 -9999 -9999 -9999 -9999 -9999 -9999 8751.9091796875 8656.173828125 8568.2939453125 8335.025390625 8211.5517578125 8105.68896484375 7990.17578125 7893.94921875 7892.6318359375 7897.990234375 7348.90087890625 5798.3271484375 4399.6708984375 5725.490234375 6349.916015625 6768.77392578125 7260.7822265625 6955.54296875 6503.1591796875 6173.73095703125 7110.375 7313.88720703125 6833.73486328125 6558.9912109375 6223.2841796875 6007.69091796875 6314.0771484375 6288.748046875 6273.1337890625 6452.59912109375 6381.833984375 6271.64599609375 6158.76318359375 6004.85595703125 5981.9169921875 5986.89404296875 5640.2177734375
-9999 -9999 -9999 -9999 -9999 -9999 -9999 -9999 -9999 -9999 -9999 -9999 -9999 -9999 -9999 -9999 -9999 8631.2529296875 8488.8173828125 8332.513671875 8263.5 8165.80712890625 8004.0732421875 7944.63916015625 7972.796875 8023.56689453125 7572.27685546875 5779.60888671875 4051.51098632812 5809.8271484375 6318.51708984375 6652.169921875 7529.9619140625 7331.19384765625 6686.48291015625 5755.97998046875 6701.5078125 6976.80322265625 6650.97314453125 6708.625 6282.84814453125 5854.166015625 6283.51318359375 6373.98583984375 6372.68310546875 6374.333984375 6380.62890625 6374.509765625 6335.43603515625 6021.3359375 5761.97705078125 5506.35595703125 4959.244140625
-9999 -9999 -9999 -9999 -9999 -9999 -9999 -9999 -9999 -9999 -9999 -9999 -9999 -9999 -9999 -9999 -9999 -9999 -9999 8432.7109375 8235.3291015625 8166.30322265625 8287.169921875 7835.72119140625 7737.912109375 7955.0498046875 7576.2568359375 6539.69482421875 5686.7958984375 7110.72607421875 6755.64404296875 6218.0791015625 6415.078125 6828.1669921875 6929.669921875 6573.951171875 5991.81591796875 5775.13623046875 5878.53515625 6315.6318359375 6343.208984375 6261.01611328125 6519.5078125 6511.6591796875 6371.48779296875 6111.44091796875 6324.05322265625 6427.56298828125 6334.01904296875 5970.9560546875 5051.64599609375 3864.85595703125 3631.9541015625
-9999 -9999 -9999 -9999 -9999 -9999 -9999 -9999 -9999 -9999 -9999 -9999 -9999 -9999 -9999 -9999 -9999 -9999 -9999 -9999 -9999 8079.4150390625 8143.333984375 7835.89697265625 7731.0810546875 7823.59619140625 7646.09814453125 7034.5888671875 6271.89990234375 5868.4990234375 5295.72509765625 5020.9931640625 5560.15576171875 6302.5791015625 6462.8330078125 5833.251953125 5742.85498046875 5721.02490234375 5761.591796875 6103.97216796875 6405.833984375 6611.625 6582.2421875 6571.77978515625 6480.06201171875 6236.17822265625 6366.0869140625 6379.4658203125 6169.97998046875 5806.52294921875 4786.0322265625 3577.919921875 3801.77490234375
-9999 -9999 -9999 -9999 -9999 -9999 -9999 -9999 -9999 -9999 -9999 -9999 -9999 -9999 -9999 -9999 -9999 -9999 -9999 -9999 8080.587890625 8046.9638671875 8053.52099609375 7896.02294921875 7783.2490234375 7666.56298828125 7049.35009765625 6881.06884765625 6598.5849609375 4751.6220703125 4132.248046875 4322.81591796875 5414.93310546875 6141.2509765625 6101.8291015625 5212.5419921875 5774.48095703125 5996.958984375 5899.89208984375 6207.05419921875 6337.31103515625 6347.2822265625 6266.40576171875 6370.1259765625 6448.4150390625 6382.1181640625 6436.02490234375 6233.9990234375 5743.830078125 5645.64990234375 5015.39990234375 4190.30322265625 4550.94580078125
-9999 -9999 -9999 -9999 -9999 56.0932312011719 -9999 -9999 -9999 -9999 -9999 -9999 -9999 -9999 -9999 -9999 -9999 -9999 -9999 -9999 -9999 8135.10791015625 8155.26123046875 7998.77685546875 7833.423828125 7501.0849609375 5451.59912109375 5854.93701171875 6912.30908203125 4808.29296875 4263.22998046875 4720.72705078125 6382.8369140625 6508.34912109375 6163.92578125 5318.23779296875 6093.34423828125 6344.6328125 6229.2919921875 6710.22021484375 6033.59521484375 5106.3251953125 5413.30419921875 5820.01708984375 6158.7158203125 6475.39990234375 6508.509765625 5998.4208984375 4828.01513671875 5562.63720703125 5853.31201171875 5897.51611328125 5662.2587890625
-9999 -9999 -9999 -9999 -9999 -9999 -9999 -9999 -9999 -9999 264.041107177734 496.093414306641 718.935119628906 -9999 -9999 -9999 -9999 -9999 -9999 6823.9638671875 7773.76806640625 8201.181640625 8082.42578125 7859.98779296875 7751.5927734375 7686.15478515625 7090.90185546875 6340.93408203125 5570.73193359375 5017.85302734375 4570.453125 4492.56591796875 5162.55517578125 5423.10107421875 5489.9677734375 5485.39111328125 6587.6259765625 6655.1982421875 5878.25 5748.85400390625 5432.47802734375 5236.69580078125 5822.64892578125 6132.458984375 6322.712890625 6433.02490234375 6524.0458984375 6387.7080078125 6028.31494140625 6095.033203125 6255.68896484375 6367.56103515625 5984.94384765625
-9999 -9999 -9999 -9999 -9999 -9999 -9999 -9999 -9999 -9999 -9999 47.8820304870605 -9999 -9999 -9999 -9999 -9999 -9999 -9999 -9999 -9999 8044.14599609375 8016.72900390625 7780.38720703125 7662.49609375 7677.4599609375 7342.8837890625 6381.5751953125 5410.18408203125 5788.43212890625 5169.43603515625 4706.10595703125 5343.9599609375 5469.64697265625 5641.27685546875 6027.42822265625 6737.15283203125 6492.72705078125 5552.9990234375 5401.8017578125 5327.9970703125 5360.591796875 5676.06884765625 5865.26416015625 6112.205078125 6525.51220703125 6548.67578125 6569.87890625 6637.2978515625 6477.85107421875 6499.296875 6594.8251953125 6319.97119140625
-9999 -9999 -9999 -9999 -9999 -9999 -9999 -9999 -9999 -9999 -9999 -9999 -9999 -9999 -9999 -9999 -9999 -9999 -9999 -9999 -9999 -9999 7859.365234375 -9999 7786.77099609375 7456.0419921875 5900.22509765625 5710.259765625 6379.38916015625 6862.59521484375 5922.14013671875 5469.12890625 7017.171875 6719.6171875 6623.451171875 7053.8779296875 6568.453125 5954.5751953125 5304.2890625 5837.0439453125 5734.69287109375 5334.47900390625 4901.98876953125 5030.0068359375 5562.57080078125 6777.35205078125 6502.85107421875 6400.35205078125 6628.6982421875 6624.78076171875 6555.62890625 6558.02099609375 6659.50390625
-9999 -9999 -9999 -9999 -9999 -9999 -9999 -9999 -9999 -9999 -9999 -9999 -9999 -9999 -9999 -9999 -9999 -9999 -9999 -9999 -9999 -9999 -9999 -9999 -9999 7786.94482421875 5330.01611328125 4651.4951171875 4962.56201171875 5022.47998046875 5776.296875 6592.216796875 7015.8740234375 6825.47119140625 6742.80615234375 6929.96484375 6861.55810546875 6211.19287109375 5345.9580078125 6226.7041015625 5878.1259765625 5054.009765625 4817.26904296875 5289.61279296875 5921.69677734375 6449.47900390625 5748.10009765625 5702.5458984375 6568.92919921875 6697.60302734375 5921.7587890625 4902.4638671875 6021.58984375
-9999 -9999 -9999 -9999 -9999 -9999 -9999 -9999 -9999 -9999 -9999 -9999 -9999 -9999 -9999 -9999 -9999 -9999 -9999 -9999 -9999 -9999 -9999 -9999 6952.93798828125 -9999 5218.0517578125 4162.93701171875 4328.72607421875 4566.1162109375 5597.3310546875 6314.64306640625 5752.216796875 6315.119140625 6796.28515625 6878.02685546875 6963.68212890625 6246.07177734375 5208.45703125 6282.90380859375 5999.26708984375 5124.23583984375 4725.6650390625 5154.25 5774.005859375 6259.953125 5739.90478515625 5556.76904296875 5918.337890625 5881.7548828125 5489.84423828125 5056.828125 5603.955078125
