Variables/MIS4/biomass.asc
NCOLS 258 
NROWS 132 
XLLCORNER -10.933275447 
YLLCORNER 36.059072361 
CELLSIZE 0.11561 
NODATA_value -9999 
[rows 48 to 71 of 132, columns 53 to 105 of 258]
-9999 -9999 -9999 -9999 -9999 -9999 -9999 -9999 -9999 -9999 -9999 -9999 -9999 -9999 -9999 1984.96704101562 -9999 -9999 -9999 -9999 -9999 -9999 -9999 -9999 5833.64306640625 6151.97802734375 -9999 4321.31689453125 4499.9638671875 5152.740234375 5651.35986328125 5510.8271484375 4136.6669921875 5543.52099609375 6643.64404296875 6818.69580078125 6852.86083984375 6164.43017578125 5114.13720703125 6281.31103515625 6179.951171875 5425.69482421875 4664.5859375 4983.41015625 5555.84716796875 6137.5390625 6070.64599609375 5696.85009765625 5044.2509765625 4844.89111328125 5355.35595703125 6133.35107421875 5374.90478515625
-9999 -9999 -9999 -9999 -9999 -9999 -9999 -9999 -9999 -9999 -9999 -9999 -9999 -9999 -9999 -9999 -9999 -9999 -9999 -9999 -9999 -9999 -9999 -9999 -9999 5319.455078125 4685.125 4920.80712890625 6070.01806640625 6398.55419921875 6618.57421875 6380.76513671875 5182.98486328125 5103.89111328125 5621.1328125 6643.287109375 6392.0419921875 6307.35400390625 6471.240234375 6975.8427734375 6625.208984375 5814.869140625 4903.9541015625 5898.30517578125 6591.14306640625 5704.10009765625 5740.13818359375 5500.30322265625 4872.69921875 5300.421875 5840.98583984375 6216.68115234375 5287.65576171875
-9999 -9999 -9999 -9999 -9999 -9999 -9999 -9999 -9999 -9999 -9999 -9999 -9999 -9999 -9999 -9999 -9999 -9999 -9999 -9999 -9999 -9999 4098.56884765625 -9999 -9999 -9999 4173.56396484375 4472.04296875 5225.2578125 6060.43994140625 6552.0498046875 6357.33203125 4929.32421875 5188.4921875 5828.23876953125 6430.68798828125 5796.9150390625 5846.71484375 6508.4580078125 6798.1201171875 6738.43310546875 6516.56298828125 6323.0478515625 7273.4970703125 7549.26220703125 5980.8671875 6609.9169921875 6707.23095703125 5831.23193359375 5639.81201171875 5544.9677734375 5495.75 5540.89599609375
-9999 -9999 -9999 -9999 -9999 -9999 -9999 -9999 -9999 -9999 -9999 -9999 -9999 -9999 -9999 -9999 -9999 -9999 -9999 -9999 -9999 -9999 -9999 -9999 -9999 -9999 4332.708984375 4274.05322265625 4576.76318359375 5670.30712890625 5996.84814453125 5614.087890625 4221.85791015625 5130.0419921875 5921.07421875 6016.72021484375 5378.658203125 5517.0458984375 6269.36083984375 6470.783203125 6710.94482421875 7044.6689453125 7623.740234375 8307.91015625 8214.7333984375 6610.6279296875 7876.408203125 8181.11083984375 6954.94091796875 6140.3759765625 5429.81787109375 4961.72216796875 5591.44384765625
-9999 -9999 -9999 -9999 -9999 -9999 -9999 -9999 -9999 -9999 -9999 -9999 -9999 -9999 -9999 -9999 -9999 -9999 -9999 -9999 -9999 -9999 -9999 -9999 -9999 -9999 -9999 4189.90380859375 6515.412109375 6521.9482421875 5197.73291015625 3914.71801757812 3810.84497070312 4285.84814453125 4672.1220703125 4850.0498046875 5477.72607421875 5997.421875 6422.68505859375 6541.041015625 6630.72900390625 6879.19677734375 7680.78515625 8118.712890625 8240.48828125 7891.34814453125 9022.4716796875 9044.779296875 7629.6337890625 7114.0048828125 6409.1259765625 5594.09521484375 4862.8662109375
-9999 -9999 -9999 -9999 -9999 -9999 -9999 -9999 -9999 -9999 -9999 -9999 -9999 -9999 -9999 -9999 -9999 -9999 -9999 -9999 -9999 -9999 -9999 -9999 3352.06909179688 -9999 3798.05004882812 -9999 5060.6328125 6131.119140625 5059.31201171875 3785.876953125 3699.43701171875 4035.7099609375 4278.38916015625 4281.755859375 4226.18212890625 4903.59912109375 6073.14501953125 6491.46484375 6304.4140625 6130.30712890625 6981.28515625 7553.89892578125 8196.837890625 9093.45703125 9069.470703125 8226.7763671875 6693.2568359375 6123.68505859375 5907.98486328125 5852.80908203125 5603.546875
-9999 -9999 -9999 -9999 -9999 -9999 -9999 -9999 -9999 -9999 -9999 -9999 -9999 -9999 -9999 -9999 -9999 -9999 -9999 -9999 -9999 -9999 -9999 -9999 -9999 3131.01000976562 -9999 -9999 4053.66796875 5244.80078125 4962.07080078125 4275.7880859375 3794.44409179688 3869.18701171875 3935.04907226562 3829.55810546875 3320.76611328125 4178.53515625 6004.34619140625 6494.25390625 5851.80517578125 5187.115234375 6373.416015625 6993.93505859375 7755.1669921875 9033.4521484375 8366.4150390625 7336.037109375 6240.0400390625 5529.48583984375 5667.623046875 6222.07177734375 5773.31103515625
-9999 -9999 -9999 -9999 -9999 -9999 -9999 -9999 -9999 -9999 -9999 -9999 -9999 -9999 -9999 -9999 -9999 -9999 -9999 -9999 -9999 -9999 -9999 -9999 -9999 -9999 -9999 -9999 4513.537109375 4006.47192382812 4708.48779296875 5148.4541015625 4118.669921875 3656.55810546875 3461.64990234375 3441.69091796875 3298.962890625 4430.0390625 6455.52978515625 6593.380859375 5393.712890625 4221.96484375 6096.5 6571.38818359375 6790.3818359375 7249.15576171875 6985.751953125 6808.19189453125 7065.62109375 5949.533203125 6127.52392578125 6851.64404296875 4871.47802734375
-9999 -9999 -9999 -9999 -9999 -9999 -9999 -9999 -9999 -9999 -9999 -9999 -9999 -9999 -9999 -9999 -9999 -9999 -9999 -9999 -9999 -9999 -9999 -9999 -9999 -9999 -9999 -9999 3359.19506835938 4449.44921875 4217.58203125 3930.1201171875 3594.39306640625 3533.51611328125 3473.71606445312 3364.34008789062 3460.80004882812 4609.97900390625 6369.66796875 6510.48095703125 6199.3251953125 5920.68798828125 6443.17578125 6388.51708984375 6356.494140625 6671.662109375 6664.05712890625 6256.1328125 5465.1640625 4997.88720703125 5248.048828125 5956.71484375 6426.65478515625
-9999 -9999 -9999 -9999 -9999 -9999 -9999 -9999 -9999 -9999 -9999 -9999 -9999 -9999 -9999 -9999 -9999 -9999 -9999 -9999 -9999 -9999 -9999 -9999 -9999 -9999 -9999 -9999 -9999 3766.64794921875 3900.22705078125 3532.53393554688 3806.64501953125 3773.92211914062 3591.84204101562 3355.49096679688 3977.0048828125 4936.81494140625 5982.92822265625 6223.84423828125 6397.421875 6525.828125 6559.97119140625 6280.93017578125 6128.826171875 6388.35009765625 6496.828125 6120.85400390625 5263.64990234375 5025.97314453125 5420.47509765625 6267.115234375 7266.11181640625
-9999 -9999 -9999 -9999 -9999 -9999 -9999 -9999 -9999 -9999 -9999 -9999 -9999 -9999 -9999 -9999 -9999 -9999 -9999 -9999 -9999 -9999 -9999 -9999 -9999 -9999 -9999 -9999 513.981384277344 3148.97412109375 3794.51293945312 3946.59912109375 4556.31103515625 4246.93017578125 3807.3740234375 3290.63500976562 4699.97998046875 5362.12890625 5364.55615234375 5672.76611328125 5873.291015625 6067.7119140625 6350.5341796875 6168.44677734375 6073.62890625 6321.669921875 6335.31005859375 6283.73876953125 6206.259765625 5954.48291015625 6530.865234375 7545.23876953125 7154.80615234375
-9999 -9999 -9999 -9999 -9999 -9999 -9999 -9999 -9999 -9999 -9999 -9999 -9999 -9999 -9999 -9999 -9999 -9999 -9999 -9999 -9999 -9999 -9999 -9999 -9999 -9999 -9999 -9999 -9999 3178.8798828125 3903.80004882812 3927.59497070312 3504.72290039062 4213.9521484375 4324.1591796875 3506.05102539062 4813.10986328125 5544.81787109375 5511.13916015625 4391.81005859375 4967.6572265625 5963.2080078125 5383.18310546875 5759.40576171875 6232.52685546875 6370.27685546875 5963.07080078125 5962.32177734375 6475.73388671875 6344.48583984375 6894.5341796875 7557.2998046875 5856.56201171875
-9999 -9999 -9999 -9999 -9999 -9999 -9999 -9999 -9999 -9999 -9999 -9999 -9999 -9999 -9999 -9999 -9999 -9999 -9999 -9999 -9999 -9999 -9999 -9999 -9999 -9999 -9999 -9999 2942.02197265625 5275.68505859375 5437.31689453125 5084.1279296875 3834.06494140625 4457.3427734375 4634.48388671875 3877.34692382812 4818.30712890625 5164.43115234375 4876.09814453125 4601.01318359375 5305.26806640625 6161.77197265625 5867.15185546875 6090.44189453125 6368.5078125 6428.1767578125 5798.20703125 5794.7998046875 6553.1767578125 6299.36376953125 6565.30419921875 7123.26416015625 6929.9619140625
-9999 -9999 -9999 -9999 -9999 -9999 -9999 -9999 -9999 -9999 -9999 -9999 -9999 -9999 -9999 -9999 -9999 -9999 -9999 -9999 -9999 -9999 -9999 -9999 -9999 -9999 -9999 -9999 -9999 6276.31103515625 7117.86279296875 6348.0419921875 4532.80908203125 4676.64892578125 4752.1318359375 4347.35107421875 4666.81005859375 4508.39013671875 4110.21484375 5317.9140625 5976.34423828125 6373.64306640625 6737.52783203125 6625.76220703125 6517.169921875 6625.8271484375 6026.7490234375 5953.919921875 6554.39794921875 6194.31884765625 6250.1630859375 6831.0458984375 8811.587890625
-9999 -9999 -9999 -9999 -9999 -9999 -9999 -9999 -9999 -9999 -9999 -9999 -9999 -9999 -9999 -9999 -9999 -9999 -9999 -9999 -9999 -9999 -9999 -9999 -9999 -9999 -9999 -9999 -9999 6352.5380859375 6667.06103515625 5675.759765625 4342.26416015625 4249.68798828125 4593.8828125 5200.27392578125 4120.8671875 3933.64111328125 4530.13720703125 4928.99609375 5451.14208984375 5959.2177734375 6197.30517578125 6458.72509765625 6767.42822265625 7131.59423828125 7228.85205078125 6951.63720703125 6319.423828125 6683.1669921875 7220.505859375 7921.6669921875 8941.0380859375
-9999 -9999 -9999 -9999 -9999 -9999 -9999 -9999 -9999 -9999 -9999 -9999 -9999 -9999 -9999 -9999 -9999 -9999 -9999 -9999 -9999 -9999 -9999 -9999 -9999 -9999 -9999 -9999 -9999 5572.966796875 5522.171875 5152.8798828125 4178.89892578125 4077.05810546875 4256.2998046875 4561.162109375 4545.52880859375 4761.1171875 5088.27587890625 4765.82421875 4951.666015625 5362.865234375 5620.4560546875 5680.62109375 6024.615234375 7006.76123046875 7520.80517578125 7601.3671875 7237.75 6644.0029296875 6952.1689453125 7762.9658203125 7729.35595703125
-9999 -9999 -9999 -9999 -9999 -9999 -9999 -9999 -9999 -9999 -9999 -9999 -9999 -9999 -9999 -9999 -9999 -9999 -9999 -9999 -9999 -9999 -9999 -9999 -9999 -9999 -9999 -9999 3611.6298828125 3958.7041015625 4281.31298828125 4475.60498046875 3945.86010742188 4070.19091796875 4177.0849609375 4182.38916015625 5298.11083984375 5809.63916015625 5665.30712890625 4908.580078125 5016.60302734375 5480.0078125 5637.3818359375 5400.31884765625 5649.36083984375 7028.365234375 7465.533203125 7698.48291015625 7735.873046875 6402.05712890625 6485.6279296875 7397.02099609375 6800.49609375
-9999 -9999 -9999 -9999 -9999 -9999 -9999 -9999 -9999 -9999 -9999 -9999 -9999 -9999 -9999 -9999 -9999 -9999 -9999 -9999 -9999 -9999 -9999 -9999 -9999 -9999 -9999 -9999 -9999 2838.19799804688 3333.30297851562 3433.11303710938 3671.14306640625 4272.06103515625 4734.4482421875 5051.98291015625 6082.330078125 6414.2021484375 6106.26904296875 5519.5791015625 6146.0361328125 7112.09619140625 6845.98486328125 6473.3837890625 6592.23095703125 7690.93701171875 7283.65576171875 6931.826171875 6757.44921875 6062.134765625 6357.02001953125 7285.9638671875 7224.80712890625
-9999 -9999 -9999 -9999 -9999 -9999 -9999 -9999 -9999 2368.11889648438 -9999 -9999 -9999 -9999 -9999 -9999 -9999 -9999 -9999 -9999 -9999 -9999 -9999 -9999 -9999 -9999 -9999 -9999 1332.35705566406 3001.94702148438 4053.92504882812 4393.17578125 4472.0732421875 5441.43115234375 5842.64892578125 5322.8837890625 5624.60791015625 6160.9482421875 6617.3740234375 5763.72119140625 6372.80322265625 7429.7177734375 7407.0498046875 7300.27294921875 7293.4111328125 7506.54296875 7314.125 7004.2421875 6555.52197265625 5341.30810546875 5441.0830078125 6468.5 7129.3720703125
10409.0595703125 9339.2548828125 -9999 -9999 -9999 5065.69921875 3848.00708007812 3062.05200195312 4620.283203125 8745.2353515625 5369.93115234375 3082.32592773438 3064.52001953125 3060.1669921875 2994.50805664062 2936.15991210938 3330.02807617188 4362.89794921875 5190.65283203125 -9999 -9999 -9999 -9999 -9999 -9999 -9999 -9999 2320.86401367188 2350.72509765625 3948.68188476562 5011.576171875 5441.10595703125 4874.90185546875 5719.61376953125 5976.2822265625 5201.68896484375 5774.01904296875 6477.81298828125 6984.5322265625 6136.86181640625 6173.8828125 6649.48193359375 7021.455078125 7301.23193359375 7487.19384765625 7526.17578125 7147.72998046875 6963.04296875 6984.37890625 5968.75 5830.18505859375 6372.884765625 6860.5419921875
11279.740234375 10917.7802734375 10282.4599609375 9822.60546875 9675.89453125 9751.025390625 9634.107421875 9213.630859375 9303.59765625 9526.3271484375 9653.5634765625 9588.3935546875 9736.4404296875 9397.048828125 9128.16796875 9127.91015625 9202.353515625 9518.3505859375 9700.55859375 9046.0888671875 8220.2158203125 6763.2578125 -9999 1530.05004882812 2404.955078125 6633.962890625 5660.15576171875 5640.97900390625 6202.673828125 5247.9482421875 5861.01806640625 6213.89208984375 4693.509765625 4941.28076171875 4997.23291015625 4610.05712890625 6789.22021484375 7515.73681640625 7119.0830078125 6667.9228515625 5741.78515625 4904.64404296875 5714.90576171875 6492.205078125 7146.48095703125 7878.634765625 6761.6669921875 6674.21923828125 8067.958984375 8078.130859375 7781.36083984375 7221.5810546875 6519.4541015625
12054.1904296875 11712.25 11384.01953125 10989.6201171875 10912.1103515625 10907.900390625 10694.9501953125 10640.240234375 10675.5595703125 10845.5703125 12231.9296875 12283.669921875 10891.1298828125 10789.5703125 10496.490234375 10107.900390625 10112.6796875 10105.990234375 10094.3095703125 10082.33984375 9725.6142578125 9336.02734375 8062.11279296875 6515.27197265625 7474.5771484375 9491.662109375 7594.06884765625 7396.68896484375 7839.26220703125 6498.1318359375 6308.9990234375 6464.623046875 6523.658203125 6380.44921875 5987.92578125 5431.56787109375 6584.73779296875 7084.537109375 6871.48681640625 6333.6982421875 6189.81201171875 6310.89013671875 6647.7421875 6993.884765625 7259.97216796875 7351.921875 7012.2080078125 6988.35498046875 7394.06396484375 7627.89208984375 7977.7080078125 8156.91015625 6884.0361328125
12526.3203125 12110.599609375 11718.150390625 11698.330078125 11496.4296875 11231.5302734375 11038.7197265625 10965.150390625 10956.919921875 11058.1103515625 12141.9404296875 12095.1201171875 10945.23046875 11848.400390625 11799.8603515625 11196.0302734375 11413.0595703125 10779.9599609375 10266.48046875 10921.5302734375 10874.5703125 10556.66015625 10050.3896484375 9281.8134765625 9251.8671875 9702.142578125 8368.59375 8185.10205078125 8448.6220703125 7638.14111328125 7363.5009765625 7481.69189453125 8046.494140625 7760.4501953125 7278.5478515625 6829.47021484375 7316.28076171875 7603.3232421875 7580.34814453125 7143.69384765625 7154.9580078125 7366.462890625 7460.953125 7365.091796875 7293.98291015625 7374.1591796875 7415.43115234375 7487.6767578125 7625.10400390625 7976.1298828125 8502.28515625 8895.1083984375 8011.85888671875
12621.849609375 12163.16015625 11512.169921875 11940.259765625 11585.5703125 11037.6298828125 10887.150390625 10716.650390625 10559.1298828125 10406.849609375 10351.650390625 10177.849609375 10013.830078125 12377.75 12671.2802734375 11979.2998046875 12536.7099609375 11199.400390625 10124.169921875 11253.73046875 11219.58984375 10899.849609375 10288.5302734375 9309.90625 8565.8271484375 8034.05712890625 8261.751953125 8328.41015625 8363.0703125 8536.8515625 8652.5556640625 8885.3583984375 9232.453125 8867.2001953125 8632.9482421875 8681.75 8759.052734375 8884.7158203125 9012.728515625 8835.6708984375 8467.177734375 8144.1240234375 8358.9853515625 7922.83203125 7549.60302734375 7888.56884765625 7962.52099609375 8127.35498046875 8464.6279296875 8982.638671875 9275.9521484375 9414.6953125 9416.439453125
