Variables/MIS4/ctemp.asc
NCOLS 258 
NROWS 132 
XLLCORNER -10.933275447 
YLLCORNER 36.059072361 
CELLSIZE 0.11561 
NODATA_value -9999 
[rows 44 to 65 of 132, columns 200 to 249 of 258]
-8.95684623718262 -9.12287044525146 -9.36369228363037 -8.81770324707031 -7.93456983566284 -7.15390491485596 -6.99461603164673 -6.64584016799927 -6.48083209991455 -6.68546676635742 -7.12402677536011 -7.30544900894165 -7.31281089782715 -8.10612773895264 -8.1734447479248 -7.84669780731201 -7.83110284805298 -7.19062519073486 -6.51046085357666 -6.25542593002319 -6.4120659828186 -6.6204137802124 -6.75495481491089 -6.42938613891602 -6.19560098648071 -6.07317590713501 -5.89905118942261 -5.83971500396729 -5.80960321426392 -5.66648817062378 -5.60215997695923 -5.55439376831055 -5.49354076385498 -5.46814918518066 -5.41452598571777 -5.32190990447998 -5.25816297531128 -5.2048020362854 -5.16061019897461 -5.13330888748169 -5.10036611557007 -5.06707715988159 -5.04140710830688 -5.03118991851807 -5.03168392181396 -5.04248523712158 -5.01677322387695 -4.98976993560791 -4.96836805343628 -4.96013498306274
-7.32452297210693 -7.82206392288208 -8.24525833129883 -7.10182189941406 -6.44478702545166 -6.03589296340942 -5.99300193786621 -5.96295022964478 -5.90216302871704 -5.82610082626343 -5.89074420928955 -6.00230979919434 -6.16178703308105 -6.49578905105591 -6.71758794784546 -6.80775022506714 -6.87395477294922 -6.63747978210449 -6.26399898529053 -5.87094783782959 -5.73612117767334 -5.73799180984497 -5.90796422958374 -5.91696977615356 -5.95593786239624 -6.04460906982422 -5.75149202346802 -5.70632886886597 -5.74431800842285 -5.53283309936523 -5.36278581619263 -5.22862815856934 -5.11087703704834 -5.18094396591187 -5.19620418548584 -5.15069818496704 -5.09552621841431 -5.04888296127319 -5.01008987426758 -4.96527004241943 -4.93198490142822 -4.906418800354 -4.90502691268921 -4.91377401351929 -4.91686201095581 -4.90362882614136 -4.88974714279175 -4.85967922210693 -4.80820798873901 -4.80883693695068
-6.25960111618042 -6.29572916030884 -6.40794610977173 -6.0616250038147 -5.83820390701294 -5.70426511764526 -5.67358207702637 -5.63000106811523 -5.59758710861206 -5.58689022064209 -5.57103490829468 -5.55903005599976 -5.5844578742981 -5.89706897735596 -6.22524690628052 -6.52046489715576 -6.66413116455078 -6.38979291915894 -6.05609512329102 -5.92190599441528 -5.76195001602173 -5.66674613952637 -5.66153907775879 -5.52849292755127 -5.47459697723389 -5.47866010665894 -5.33980417251587 -5.24703502655029 -5.18166017532349 -5.11970996856689 -5.03924322128296 -5.01140785217285 -5.10064315795898 -5.14427900314331 -5.09165000915527 -4.93761491775513 -4.88665294647217 -4.84466123580933 -4.81101512908936 -4.8176441192627 -4.81396818161011 -4.80333518981934 -4.78665494918823 -4.76395893096924 -4.75065279006958 -4.75687408447266 -4.7780499458313 -4.77912712097168 -4.75839519500732 -4.75580978393555
-5.59005308151245 -5.49285984039307 -5.47073411941528 -5.43225812911987 -5.39357614517212 -5.36003017425537 -5.33965015411377 -5.29506683349609 -5.26789617538452 -5.27525615692139 -5.2554669380188 -5.22202205657959 -5.20667695999146 -5.39546585083008 -5.65841913223267 -5.96534585952759 -6.29541492462158 -6.17467498779297 -5.98421621322632 -5.99939393997192 -5.98189496994019 -5.86899614334106 -5.63123607635498 -5.39764404296875 -5.24288082122803 -5.16599607467651 -5.14803600311279 -5.13155221939087 -5.10733318328857 -5.05802202224731 -4.90567493438721 -4.80649995803833 -4.87694406509399 -4.90123414993286 -4.86394214630127 -4.76593017578125 -4.71919584274292 -4.6836519241333 -4.66280221939087 -4.69334983825684 -4.69996786117554 -4.68978691101074 -4.66406297683716 -4.65121221542358 -4.64835786819458 -4.65738391876221 -4.67033195495605 -4.67178678512573 -4.66235589981079 -4.67021799087524
-5.15859985351562 -5.13971900939941 -5.08893203735352 -5.04881286621094 -5.01891279220581 -4.9974799156189 -4.99161911010742 -4.90083122253418 -4.86192798614502 -4.92277908325195 -4.91094589233398 -4.91170883178711 -4.93139505386353 -4.95242404937744 -5.08325576782227 -5.32432889938354 -5.82212114334106 -5.91751623153687 -5.96096992492676 -6.18486785888672 -6.30583095550537 -6.16943120956421 -5.70844793319702 -5.40879821777344 -5.19350719451904 -5.05397081375122 -5.0472412109375 -5.11824417114258 -5.20245122909546 -5.09533500671387 -4.8272910118103 -4.60956716537476 -4.55817222595215 -4.56512498855591 -4.58448314666748 -4.61444187164307 -4.58091878890991 -4.55491304397583 -4.5427770614624 -4.58069515228271 -4.58091878890991 -4.56291198730469 -4.53755521774292 -4.56450319290161 -4.60408592224121 -4.64252281188965 -4.63025903701782 -4.59898710250854 -4.55945920944214 -4.56770896911621
-4.76961421966553 -4.74629592895508 -4.71282386779785 -4.68623781204224 -4.67036581039429 -4.65881681442261 -4.64703989028931 -4.31766510009766 -4.21562004089355 -4.56634902954102 -4.57000112533569 -4.5673131942749 -4.59084701538086 -4.63506507873535 -4.83624219894409 -5.12515687942505 -5.37752914428711 -5.44915008544922 -5.77141523361206 -6.81044292449951 -6.67656517028809 -6.25732088088989 -5.71955680847168 -5.35776805877686 -5.22255897521973 -5.21107196807861 -4.70051908493042 -4.57216787338257 -4.61301612854004 -4.52711296081543 -4.46706390380859 -4.42665195465088 -4.41235208511353 -4.42367219924927 -4.43333005905151 -4.43727922439575 -4.45125198364258 -4.44120121002197 -4.42105484008789 -4.45666694641113 -4.4388279914856 -4.40714502334595 -4.40846300125122 -4.48491716384888 -4.63770723342896 -4.88838481903076 -4.87808609008789 -4.75997018814087 -4.56686496734619 -4.49385499954224
-4.36679315567017 -4.34277677536011 -4.32252216339111 -4.31378078460693 -4.30668878555298 -4.30063915252686 -4.29102897644043 -4.03104400634766 -3.94688391685486 -4.2149019241333 -4.22499513626099 -4.25401401519775 -4.32918405532837 -4.36948776245117 -4.52210378646851 -4.77223587036133 -5.13134717941284 -5.25033521652222 -5.41073513031006 -5.8577561378479 -6.1365180015564 -6.07154083251953 -5.58703279495239 -5.30244112014771 -5.14260005950928 -5.00869989395142 -4.49075078964233 -4.29266595840454 -4.2642560005188 -4.20665216445923 -4.22705984115601 -4.24969911575317 -4.2300329208374 -4.24614095687866 -4.27199983596802 -4.30025291442871 -4.3091869354248 -4.30462121963501 -4.29651308059692 -4.31715297698975 -4.313148021698 -4.30615282058716 -4.3273549079895 -4.48162078857422 -4.69062900543213 -4.91797018051147 -4.82689714431763 -4.70005083084106 -4.59346294403076 -4.54407501220703
-3.95363593101501 -3.93601703643799 -3.92746496200562 -3.93226599693298 -3.93522191047668 -3.93696093559265 -3.93728590011597 -3.81527209281921 -3.77450394630432 -3.89773201942444 -3.89603495597839 -3.95331501960754 -4.07056999206543 -4.10669898986816 -4.19123983383179 -4.35971689224243 -4.76095294952393 -4.89495897293091 -4.83592891693115 -4.55554723739624 -5.1130838394165 -5.46722316741943 -5.33920192718506 -5.37054491043091 -5.20267105102539 -4.8379487991333 -4.37063789367676 -4.13248014450073 -4.0313401222229 -3.98383498191833 -4.03174114227295 -4.07343101501465 -4.04662704467773 -4.08105993270874 -4.13446283340454 -4.1966347694397 -4.19727182388306 -4.186439037323 -4.17290306091309 -4.18215894699097 -4.195876121521 -4.21430587768555 -4.24145698547363 -4.42277908325195 -4.61688804626465 -4.76251220703125 -4.62561178207397 -4.54029417037964 -4.5455207824707 -4.55528116226196
-3.52781391143799 -3.5297520160675 -3.53493809700012 -3.53736209869385 -3.55671811103821 -3.57643890380859 -3.5673348903656 -3.50767207145691 -3.5048611164093 -3.60373997688293 -3.60785794258118 -3.65334701538086 -3.74443101882935 -3.8045129776001 -3.88144588470459 -3.94810795783997 -3.91386389732361 -3.93272304534912 -3.89265108108521 -3.74163103103638 -3.73715496063232 -4.09371900558472 -4.9826807975769 -5.71228408813477 -5.66890096664429 -4.97534799575806 -4.34832906723022 -4.02406597137451 -3.86858606338501 -3.78641295433044 -3.83567595481873 -3.89361310005188 -3.89752888679504 -3.98079395294189 -4.06376791000366 -4.13729000091553 -4.16610097885132 -4.12953615188599 -4.0582389831543 -4.07168817520142 -4.08726978302002 -4.09815311431885 -4.11514806747437 -4.16680002212524 -4.22250604629517 -4.28048276901245 -4.32784223556519 -4.33525800704956 -4.31138801574707 -4.36578798294067
-3.10751700401306 -3.12986493110657 -3.15275192260742 -3.13963007926941 -3.11346197128296 -3.09836888313293 -3.12612700462341 -3.14831709861755 -3.17371892929077 -3.20599889755249 -3.23467206954956 -3.25087904930115 -3.26662993431091 -3.36454701423645 -3.48462700843811 -3.5790638923645 -3.52691888809204 -3.45368504524231 -3.38093900680542 -3.32479691505432 -3.27450609207153 -3.41499900817871 -3.84679889678955 -4.5772500038147 -4.84107494354248 -4.65359210968018 -4.35647106170654 -4.07714891433716 -3.84211707115173 -3.71888399124146 -3.68089199066162 -3.70552897453308 -3.80526900291443 -3.88952589035034 -3.93530893325806 -3.93727707862854 -3.94112706184387 -3.93026089668274 -3.91970300674438 -3.9719660282135 -4.08507680892944 -4.16561698913574 -4.06682586669922 -4.07566976547241 -4.11777877807617 -4.16847276687622 -4.19856977462769 -4.22953414916992 -4.26590490341187 -4.31268310546875
-2.69641208648682 -2.7234001159668 -2.74636006355286 -2.72410798072815 -2.68356108665466 -2.65710210800171 -2.68811297416687 -2.75632405281067 -2.79472804069519 -2.77629494667053 -2.81694102287292 -2.83181190490723 -2.83088302612305 -2.95944690704346 -3.09547591209412 -3.19907402992249 -3.16019105911255 -3.05350995063782 -2.95754098892212 -2.94028902053833 -2.94588398933411 -2.94603991508484 -2.96505308151245 -3.48373794555664 -3.9699170589447 -4.32177495956421 -4.21428108215332 -4.09465312957764 -3.97333908081055 -3.84268307685852 -3.63078689575195 -3.5160961151123 -3.64659404754639 -3.73117399215698 -3.77135992050171 -3.76377391815186 -3.73346900939941 -3.75502109527588 -3.81230807304382 -3.84124398231506 -4.0090160369873 -4.16493606567383 -4.08839988708496 -4.05598115921021 -4.06083822250366 -4.11120176315308 -4.13840103149414 -4.18019008636475 -4.23981380462646 -4.28897476196289
-2.29187202453613 -2.29929494857788 -2.29998397827148 -2.28212690353394 -2.289057970047 -2.29592204093933 -2.26897501945496 -2.32774591445923 -2.36170601844788 -2.31626510620117 -2.36256504058838 -2.41779589653015 -2.49150204658508 -2.63122797012329 -2.72812700271606 -2.78230500221252 -2.70440888404846 -2.62373995780945 -2.55526208877563 -2.51153492927551 -2.55526804924011 -2.59631705284119 -2.63056206703186 -2.90284299850464 -3.46683502197266 -4.12462282180786 -3.87372803688049 -4.00979804992676 -4.28445386886597 -4.2049388885498 -3.75043106079102 -3.36627888679504 -3.38716793060303 -3.52577590942383 -3.62226390838623 -3.66928911209106 -3.64048409461975 -3.68566799163818 -3.76775002479553 -3.67561411857605 -3.81387495994568 -4.02373218536377 -4.19135093688965 -4.08835506439209 -4.00311708450317 -4.04159784317017 -4.13450384140015 -4.18684911727905 -4.19890022277832 -4.27326011657715
-1.80548000335693 -1.79442596435547 -1.79140496253967 -1.80334496498108 -1.85858595371246 -1.88757300376892 -1.80061399936676 -1.83583199977875 -1.89537703990936 -1.94683194160461 -1.95342898368835 -1.99881601333618 -2.08310794830322 -2.1387140750885 -2.17505502700806 -2.19030499458313 -2.16324400901794 -2.19412302970886 -2.2481210231781 -2.30716609954834 -2.32435894012451 -2.36618804931641 -2.47688889503479 -2.90589594841003 -3.76957297325134 -4.72455215454102 -3.98168897628784 -3.87561106681824 -4.13860321044922 -4.40187120437622 -4.26495885848999 -3.96556091308594 -3.60164594650269 -3.99735689163208 -4.21455717086792 -4.07840394973755 -4.10302686691284 -4.00598001480103 -3.82628798484802 -3.75424909591675 -3.84237289428711 -3.99675607681274 -4.13434791564941 -4.10044193267822 -4.07364177703857 -4.134605884552 -4.20249700546265 -4.23926305770874 -4.24660778045654 -4.29971599578857
-1.29538404941559 -1.28400194644928 -1.28821504116058 -1.35858905315399 -1.42395496368408 -1.4480060338974 -1.3690459728241 -1.40430498123169 -1.47293698787689 -1.54928994178772 -1.57467997074127 -1.61193895339966 -1.6639529466629 -1.69489300251007 -1.71539795398712 -1.73294305801392 -1.76173901557922 -1.85959196090698 -1.98056197166443 -2.09743404388428 -2.15710592269897 -2.22390007972717 -2.3356249332428 -2.69872999191284 -3.59378600120544 -4.66086912155151 -4.023512840271 -3.79563999176025 -3.91965293884277 -4.38909196853638 -4.44880819320679 -4.32458591461182 -4.08968591690063 -4.22993087768555 -4.35552978515625 -4.39783191680908 -4.5474100112915 -4.4665699005127 -4.1953592300415 -3.87394404411316 -3.99916505813599 -4.27254199981689 -4.37644386291504 -4.38512516021729 -4.37311315536499 -4.37204313278198 -4.48047018051147 -4.49147510528564 -4.39116907119751 -4.37804698944092
-0.817598223686218 -0.824853301048279 -0.826062381267548 -0.971628427505493 -1.01599705219269 -1.00615394115448 -0.988488078117371 -1.05032896995544 -1.10765099525452 -1.1420179605484 -1.2253589630127 -1.26199305057526 -1.25470995903015 -1.32598400115967 -1.37935101985931 -1.42185699939728 -1.5037590265274 -1.62549805641174 -1.75304901599884 -1.88404703140259 -2.04303002357483 -2.16281509399414 -2.22499108314514 -2.33561491966248 -2.97995495796204 -3.9801139831543 -3.9085168838501 -3.78627705574036 -3.7535879611969 -4.23597288131714 -4.33527708053589 -4.42214298248291 -4.75897979736328 -4.20711517333984 -4.09094619750977 -4.60806608200073 -4.89697313308716 -4.99017477035522 -4.84950494766235 -4.09481382369995 -4.27890682220459 -4.75618696212769 -4.85244417190552 -4.84215021133423 -4.81539916992188 -4.74398612976074 -4.98226690292358 -4.97632503509521 -4.67692422866821 -4.55603218078613
-0.667445123195648 -0.669509828090668 -0.709067523479462 -0.784910321235657 -0.77275812625885 -0.743142485618591 -0.761853694915771 -0.810341715812683 -0.853691518306732 -0.879408895969391 -0.919382512569427 -0.964759826660156 -1.01665997505188 -1.09322202205658 -1.18932604789734 -1.29218399524689 -1.40354704856873 -9999 -1.63458895683289 -1.75329804420471 -2.00490307807922 -2.19420790672302 -2.27558588981628 -2.50995898246765 -2.74346089363098 -2.97893810272217 -3.31204009056091 -3.8884699344635 -4.42573976516724 -4.36797904968262 -4.42813205718994 -4.55133676528931 -4.72002506256104 -4.30461406707764 -4.20663213729858 -4.60458612442017 -5.02523612976074 -5.36012983322144 -5.51174879074097 -4.94269990921021 -4.75230598449707 -4.79165983200073 -4.99451589584351 -4.86191177368164 -4.89674615859985 -5.36483478546143 -5.77525186538696 -5.85783576965332 -5.58159399032593 -5.13760805130005
-0.645174324512482 -0.621170878410339 -0.615404725074768 -0.638571381568909 -0.635294377803802 -0.61777800321579 -0.592007219791412 -0.611925184726715 -0.639978408813477 -0.681908071041107 -9999 -0.794938921928406 -9999 -9999 -1.09142899513245 -1.21347498893738 -1.33449900150299 -9999 -9999 -9999 -9999 -2.46165204048157 -2.60507702827454 -2.67668199539185 -2.72151207923889 -2.77387690544128 -3.01267695426941 -3.41471910476685 -3.80481910705566 -3.87405395507812 -4.04550790786743 -4.27064800262451 -4.52797508239746 -4.47804307937622 -4.53877210617065 -4.8126277923584 -5.21577596664429 -5.53446006774902 -5.71497201919556 -5.54240798950195 -5.31375694274902 -5.10346412658691 -5.01008796691895 -4.94439792633057 -5.09229516983032 -5.59751415252686 -6.01499319076538 -6.03881216049194 -5.64063215255737 -5.11830520629883
-0.680132925510406 -0.635325372219086 -0.57301390171051 -0.530926525592804 -0.559435725212097 -0.577168226242065 -0.491816014051437 -0.468131393194199 -0.478590905666351 -9999 -9999 -9999 -9999 -9999 -9999 -9999 -9999 -9999 -9999 -9999 -9999 -9999 -2.94084405899048 -2.952388048172 -2.8658139705658 -3.01094508171082 -2.99822807312012 -2.90953493118286 -2.86552309989929 -3.20747399330139 -3.50188994407654 -3.80837392807007 -4.18573904037476 -4.4832239151001 -4.71717119216919 -4.8931450843811 -5.35778713226318 -5.62875509262085 -5.74957323074341 -5.93613910675049 -5.83721399307251 -5.58343601226807 -5.22766780853271 -5.27154588699341 -5.38519620895386 -5.48861408233643 -5.8544979095459 -5.8444390296936 -5.39041090011597 -4.85607814788818
-0.693418622016907 -0.693755626678467 -0.678528308868408 -0.4924635887146 -0.51502937078476 -0.581673324108124 -0.543766379356384 -0.44743749499321 -0.380617409944534 -0.393273413181305 -9999 -9999 -9999 -9999 -9999 -9999 -9999 -9999 -9999 -9999 -9999 -9999 -9999 -9999 -3.19655108451843 -3.37425303459167 -3.41743898391724 -3.38050508499146 -3.29493498802185 -3.1528480052948 -3.30636405944824 -3.48902606964111 -3.56462502479553 -3.76423501968384 -3.95154500007629 -4.15633821487427 -5.18932914733887 -5.79530477523804 -6.03159284591675 -6.08995199203491 -6.07853221893311 -6.12856006622314 -6.4386157989502 -6.29065704345703 -5.78998613357544 -4.86158084869385 -5.35374784469604 -5.68451690673828 -5.63553285598755 -4.90814685821533
-0.980579674243927 -0.94235771894455 -0.856351912021637 -0.509608387947083 -0.50605970621109 -0.60750138759613 -0.613193571567535 -0.515168607234955 -0.433339297771454 -0.415879994630814 -0.441734999418259 -9999 -9999 -9999 -9999 -9999 -9999 -9999 -9999 -9999 -9999 -9999 -9999 -9999 -9999 -3.14967203140259 -3.25534391403198 -3.31124091148376 -3.34007906913757 -3.27618503570557 -3.34303593635559 -3.39941000938416 -3.35951900482178 -3.46497392654419 -3.62734699249268 -3.87388706207275 -4.55857086181641 -5.32940196990967 -5.97561407089233 -5.7563738822937 -5.83404207229614 -6.14650106430054 -6.71331691741943 -6.57903814315796 -6.17180919647217 -5.6330771446228 -5.65433311462402 -6.02742290496826 -6.52763414382935 -5.68094205856323
-1.44062399864197 -1.27273905277252 -1.03427994251251 -0.601925194263458 -0.547548174858093 -0.623614728450775 -0.642129480838776 -0.587548077106476 -0.522351384162903 -0.468174487352371 -0.48485541343689 -0.538242518901825 -9999 -9999 -9999 -9999 -9999 -9999 -9999 -9999 -9999 -9999 -9999 -9999 -9999 -9999 -2.91603493690491 -2.99869799613953 -3.16051697731018 -3.2678370475769 -3.30764102935791 -3.31196904182434 -3.28022003173828 -3.35707592964172 -3.51098108291626 -3.74730205535889 -4.07802200317383 -4.73157596588135 -5.46618604660034 -5.20753908157349 -5.42174196243286 -5.8881778717041 -6.45113515853882 -6.39828491210938 -6.33193302154541 -6.4839940071106 -6.04953002929688 -6.12716913223267 -6.71518993377686 -6.041259765625
-2.05673599243164 -1.63347399234772 -1.13908004760742 -0.812680423259735 -0.673371613025665 -0.60876727104187 -0.570598125457764 -0.61333429813385 -0.602440476417542 -0.480027109384537 -0.589324116706848 -0.676827013492584 -0.720278978347778 -0.720123529434204 -9999 -9999 -9999 -9999 -9999 -9999 -9999 -9999 -9999 -9999 -9999 -9999 -9999 -9999 -2.68912506103516 -2.88297390937805 -2.98783493041992 -3.09169411659241 -3.22561597824097 -3.36239504814148 -3.53327989578247 -3.74784708023071 -4.15548992156982 -4.25553703308105 -4.14797401428223 -4.52139902114868 -4.96770715713501 -5.39838981628418 -5.62741422653198 -5.74305200576782 -6.06158494949341 -6.82503509521484 -6.15503978729248 -5.47310876846313 -4.87898302078247 -5.18102407455444
