Variables/MIS4/ctemp.asc
NCOLS 258 
NROWS 132 
XLLCORNER -10.933275447 
YLLCORNER 36.059072361 
CELLSIZE 0.11561 
NODATA_value -9999 
[rows 0 to 21 of 132, columns 200 to 249 of 258]
-8.71780776977539 -8.74448108673096 -8.77511882781982 -8.81423664093018 -8.86238574981689 -8.9148645401001 -8.96928977966309 -8.99311065673828 -9.01369857788086 -9.03946685791016 -9.06482410430908 -9.08153820037842 -9.0940637588501 -9.14606761932373 -9.20772361755371 -9.27099609375 -9.3186149597168 -8.89963531494141 -8.66959667205811 -9.24413394927979 -9.35687160491943 -9.39296054840088 -9.43371486663818 -9.47509860992432 -9.52348899841309 -9.58033657073975 -9.65535640716553 -9.68756198883057 -9.70231819152832 -9.73621845245361 -9.73230075836182 -9.73021984100342 -9.75411796569824 -9.76169967651367 -9.80697345733643 -9.90009689331055 -9.9761323928833 -10.0202798843384 -10.0442399978638 -10.0893001556396 -10.1417198181152 -10.1810398101807 -10.1696901321411 -10.2200603485107 -10.2691802978516 -10.2914896011353 -10.360650062561 -10.4251298904419 -10.477879524231 -10.5206899642944
-8.67650604248047 -8.70626258850098 -8.74931812286377 -8.80079746246338 -8.85260009765625 -8.91112613677979 -8.98662090301514 -9.00907039642334 -9.02970314025879 -9.06627368927002 -9.08727645874023 -9.09570121765137 -9.09648418426514 -9.11557769775391 -9.187255859375 -9.28507041931152 -9.36084270477295 -9.20117378234863 -9.11878299713135 -9.39854717254639 -9.48168468475342 -9.50105285644531 -9.48891258239746 -9.50521945953369 -9.54887294769287 -9.61545181274414 -9.6928653717041 -9.73498725891113 -9.75589084625244 -9.7689094543457 -9.78397846221924 -9.79557609558105 -9.7979736328125 -9.78045654296875 -9.79497528076172 -9.85403537750244 -9.9233341217041 -9.96675109863281 -9.99057292938232 -10.0182104110718 -10.0643901824951 -10.1061401367188 -10.1096601486206 -10.1548700332642 -10.2063398361206 -10.2508001327515 -10.3137903213501 -10.3630199432373 -10.3963899612427 -10.4451904296875
-8.66735744476318 -8.69534587860107 -8.74213027954102 -8.80242156982422 -8.86493301391602 -8.93384456634521 -9.01809120178223 -9.05048847198486 -9.08982563018799 -9.15600109100342 -9.17600345611572 -9.1781702041626 -9.16612339019775 -9.14341831207275 -9.19027900695801 -9.27482891082764 -9.33797168731689 -9.44307422637939 -9.53886890411377 -9.57599544525146 -9.63315296173096 -9.63742637634277 -9.56456279754639 -9.54654979705811 -9.59326553344727 -9.6975679397583 -9.83763790130615 -9.911696434021 -9.92643928527832 -9.85848903656006 -9.87370491027832 -9.90595626831055 -9.92313766479492 -9.88346385955811 -9.85191535949707 -9.84300708770752 -9.88127422332764 -9.91023921966553 -9.93044567108154 -9.95154476165771 -9.99370002746582 -10.0386400222778 -10.0630302429199 -10.0954704284668 -10.139949798584 -10.2019395828247 -10.2580604553223 -10.2960901260376 -10.3182001113892 -10.3750095367432
-8.73665332794189 -8.75205707550049 -8.76825046539307 -8.82765960693359 -8.91181087493896 -8.99381637573242 -9.04883861541748 -9.12111282348633 -9.20259475708008 -9.29430389404297 -9.3319091796875 -9.35731220245361 -9.36668014526367 -9.32735157012939 -9.27553081512451 -9.20189189910889 -9.10977458953857 -9.26339054107666 -9.47114276885986 -9.61064529418945 -9.70145893096924 -9.71372699737549 -9.62261962890625 -9.59872341156006 -9.68198776245117 -9.87582397460938 -10.2538499832153 -10.3911895751953 -10.3411502838135 -10.0546598434448 -10.025580406189 -10.062840461731 -10.1511602401733 -10.1150102615356 -10.0362396240234 -9.92574024200439 -9.90261745452881 -9.89044952392578 -9.88747406005859 -9.93036460876465 -9.95056343078613 -9.96695899963379 -10.0096597671509 -10.0244703292847 -10.0456600189209 -10.0914297103882 -10.1622495651245 -10.2188301086426 -10.2594299316406 -10.3105001449585
-8.78634834289551 -8.80500507354736 -8.81300067901611 -8.89627170562744 -9.00043869018555 -9.09717845916748 -9.1535587310791 -9.21951007843018 -9.30169296264648 -9.4061861038208 -9.51766300201416 -9.66135120391846 -9.81178092956543 -9.78911685943604 -9.65771675109863 -9.41299343109131 -8.95572566986084 -9.13582324981689 -9.4507360458374 -9.55422687530518 -9.62731838226318 -9.65699768066406 -9.64052391052246 -9.70425415039062 -9.83059692382812 -10.0363998413086 -10.4409303665161 -10.7035799026489 -10.8683099746704 -10.9689197540283 -10.9038200378418 -10.7362098693848 -10.4664497375488 -10.3250598907471 -10.2594900131226 -10.2536697387695 -10.1813898086548 -10.0760698318481 -9.96937656402588 -9.96785736083984 -9.95061206817627 -9.9389181137085 -9.97052478790283 -9.98173713684082 -10.0001096725464 -10.0409297943115 -10.0949401855469 -10.1426496505737 -10.1833696365356 -10.2399597167969
-8.83998203277588 -8.87890434265137 -8.91286373138428 -9.01058387756348 -9.12219333648682 -9.23278141021729 -9.326247215271 -9.38941669464111 -9.48323154449463 -9.63283729553223 -9.72360706329346 -9.82142066955566 -9.9147777557373 -9.85840225219727 -9.72707843780518 -9.48611927032471 -8.95623970031738 -9.11729526519775 -9.41426467895508 -9.46496105194092 -9.50398635864258 -9.5420093536377 -9.58627986907959 -9.70469570159912 -9.83127784729004 -9.98427772521973 -10.3100500106812 -10.5991697311401 -10.880669593811 -11.2129898071289 -11.1795997619629 -10.9525699615479 -10.5559597015381 -10.4166603088379 -10.3910102844238 -10.4467601776123 -10.3748798370361 -10.2561798095703 -10.1164302825928 -10.0245599746704 -9.96416854858398 -9.93353271484375 -9.95229625701904 -9.9626522064209 -9.97498416900635 -9.99511241912842 -10.036600112915 -10.0786800384521 -10.1195497512817 -10.1718902587891
-8.90800285339355 -8.99470615386963 -9.10193252563477 -9.19550895690918 -9.30746364593506 -9.41587162017822 -9.58700466156006 -9.66431713104248 -9.78624153137207 -10.0642004013062 -9.91205596923828 -9.68677997589111 -9.368239402771 -9.22377490997314 -9.20800495147705 -9.23423194885254 -9.16317939758301 -9.22423553466797 -9.33218288421631 -9.35103988647461 -9.35975646972656 -9.38788223266602 -9.44014739990234 -9.52172756195068 -9.58005523681641 -9.62068939208984 -9.76788902282715 -9.92140865325928 -10.0448598861694 -10.1573896408081 -10.2536401748657 -10.2740297317505 -10.2569904327393 -10.3151798248291 -10.3524503707886 -10.3408803939819 -10.3465700149536 -10.3463296890259 -10.3340902328491 -10.0910501480103 -9.98987007141113 -9.95242023468018 -9.9609842300415 -9.9681568145752 -9.96500873565674 -9.93605995178223 -9.98526859283447 -10.034930229187 -10.0839500427246 -10.1093397140503
-8.99907493591309 -9.22655582427979 -9.53651332855225 -9.79911422729492 -9.91150569915771 -9.98766040802002 -10.123330116272 -9.97080898284912 -9.76788425445557 -9.58864498138428 -9.3896951675415 -9.21240711212158 -9.07090377807617 -9.02835178375244 -9.0488224029541 -9.03298759460449 -8.72009944915771 -8.89558792114258 -9.14439678192139 -9.16672706604004 -9.26436519622803 -9.34629821777344 -9.38411426544189 -9.40142726898193 -9.42811012268066 -9.47123146057129 -9.556565284729 -9.6393346786499 -9.72383117675781 -9.82191753387451 -9.88966941833496 -9.9341926574707 -9.95070934295654 -9.99395370483398 -10.1156301498413 -10.3229598999023 -10.4731798171997 -10.3841495513916 -10.1561098098755 -10.1488399505615 -10.1298303604126 -10.0777797698975 -9.9498348236084 -9.94024181365967 -9.955002784729 -9.96158504486084 -9.99519062042236 -10.0139503479004 -10.0147399902344 -10.0338401794434
-9.10390186309814 -9.31218719482422 -9.59166526794434 -9.82031154632568 -9.87185668945312 -9.87679004669189 -9.94398498535156 -9.88084697723389 -9.67174243927002 -9.28969860076904 -9.05409526824951 -8.94602489471436 -8.95030689239502 -9.00678730010986 -9.05340766906738 -9.01799297332764 -8.67701244354248 -8.81636619567871 -9.03530883789062 -9.04826354980469 -9.14869022369385 -9.23480033874512 -9.27444934844971 -9.28365135192871 -9.30240154266357 -9.33602046966553 -9.39465427398682 -9.44886589050293 -9.50643444061279 -9.58554267883301 -9.64426422119141 -9.68373584747314 -9.69758224487305 -9.74345970153809 -9.90859317779541 -10.2191801071167 -10.5881204605103 -10.5225200653076 -10.2049398422241 -10.3407096862793 -10.4599599838257 -10.4917001724243 -10.2966003417969 -10.214750289917 -10.181300163269 -10.1795196533203 -10.1137399673462 -10.0493898391724 -10.0029897689819 -10.0166597366333
-9.18850231170654 -9.21976661682129 -9.26182174682617 -9.27770519256592 -9.24810218811035 -9.16014575958252 -9.12520122528076 -9.45162582397461 -9.53215312957764 -9.19380283355713 -9.00352954864502 -8.9407377243042 -8.99629020690918 -9.0971097946167 -9.15470314025879 -9.16890525817871 -9.05635929107666 -9.02449703216553 -9.02291774749756 -9.00312805175781 -9.02635288238525 -9.06541538238525 -9.12099647521973 -9.17232608795166 -9.19807529449463 -9.20847511291504 -9.25533771514893 -9.30692958831787 -9.35429000854492 -9.39483165740967 -9.452467918396 -9.49371814727783 -9.50407886505127 -9.5959415435791 -9.75579833984375 -10.0028200149536 -10.60964012146 -10.6879100799561 -10.4552803039551 -10.6305904388428 -10.8776903152466 -11.0936698913574 -10.9473695755005 -10.790470123291 -10.6640396118164 -10.5774002075195 -10.3187303543091 -10.1349802017212 -10.0392303466797 -10.0487003326416
-9.00458335876465 -8.97455787658691 -8.9711332321167 -9.18733215332031 -9.35495853424072 -9.44579219818115 -9.38467311859131 -9.41436767578125 -9.36841773986816 -9.17734622955322 -9.09164142608643 -9.0636739730835 -9.08040428161621 -9.09684658050537 -9.12723922729492 -9.15762138366699 -9.15119552612305 -9.13709259033203 -9.10302639007568 -9.03055763244629 -9.05013179779053 -9.09296417236328 -9.14268684387207 -9.15349769592285 -9.15607452392578 -9.15919780731201 -9.19645500183105 -9.24069404602051 -9.28509044647217 -9.31859493255615 -9.34336090087891 -9.37356662750244 -9.42073345184326 -9.49669647216797 -9.62092113494873 -9.80716705322266 -10.0943002700806 -10.2622003555298 -10.3576602935791 -10.5923204421997 -10.6844797134399 -10.7687702178955 -11.0326595306396 -11.3768301010132 -11.3772401809692 -10.7512903213501 -10.4276695251465 -10.2024698257446 -10.0510997772217 -10.0008201599121
-8.87841892242432 -8.87461280822754 -8.94683742523193 -9.17241477966309 -9.31638145446777 -9.38894653320312 -9.36095142364502 -9.31112861633301 -9.23394584655762 -9.12547492980957 -9.0708532333374 -9.04631042480469 -9.04795837402344 -9.07848834991455 -8.93435096740723 -8.78500366210938 -9.04789066314697 -9.13490772247314 -9.12744045257568 -9.05522632598877 -9.10270118713379 -9.17150115966797 -9.23201560974121 -9.2397289276123 -9.2460470199585 -9.25316047668457 -9.24258899688721 -9.23453998565674 -9.24810028076172 -9.32936382293701 -9.36486339569092 -9.38338279724121 -9.39813709259033 -9.46835708618164 -9.56114101409912 -9.67491817474365 -9.83681297302246 -9.9821891784668 -10.1249904632568 -10.3382301330566 -10.318699836731 -10.3074703216553 -10.647439956665 -11.1004800796509 -11.2244997024536 -10.7336101531982 -10.4736499786377 -10.2525997161865 -10.0502996444702 -9.96724319458008
-8.78095817565918 -8.86532688140869 -9.06461238861084 -9.16908073425293 -9.15227794647217 -9.11397552490234 -9.14298343658447 -9.12612724304199 -9.08602046966553 -9.01970291137695 -8.96012401580811 -8.93839836120605 -8.95775318145752 -9.06883430480957 -8.74895286560059 -8.35800361633301 -8.90168285369873 -9.08536243438721 -9.10863971710205 -9.06234645843506 -9.14721870422363 -9.24805068969727 -9.33679676055908 -9.35532093048096 -9.37994480133057 -9.4055757522583 -9.35193729400635 -9.29559898376465 -9.27421092987061 -9.40507793426514 -9.47878646850586 -9.50505542755127 -9.47438907623291 -9.55111026763916 -9.60901546478271 -9.63984394073486 -9.77945518493652 -9.84491729736328 -9.86457920074463 -10.0006303787231 -9.92762660980225 -9.83921527862549 -10.0290002822876 -10.3476104736328 -10.5678901672363 -10.5734300613403 -10.4615602493286 -10.2808704376221 -10.0459299087524 -9.95549297332764
-8.62679576873779 -8.84834671020508 -9.12940883636475 -9.05044269561768 -8.94411563873291 -8.85457801818848 -8.84116363525391 -8.82538509368896 -8.80041408538818 -8.76402759552002 -8.76354217529297 -8.82084465026855 -8.93828773498535 -9.13455009460449 -8.98132228851318 -8.74284172058105 -9.07338047027588 -9.10848999023438 -9.05374431610107 -9.03090572357178 -9.10942077636719 -9.20725631713867 -9.30652332305908 -9.34064197540283 -9.3762149810791 -9.41802501678467 -9.47090244293213 -9.49530220031738 -9.51020431518555 -9.54175186157227 -9.66256618499756 -9.78497409820557 -9.85479831695557 -9.92469120025635 -9.92717456817627 -9.85058689117432 -9.85205745697021 -9.85078811645508 -9.84475517272949 -9.83850002288818 -9.76082324981689 -9.66615867614746 -9.62312889099121 -9.76062965393066 -10.0003099441528 -10.3415098190308 -10.3508195877075 -10.2582702636719 -10.0995302200317 -9.99227428436279
-8.49216175079346 -8.70891952514648 -8.9423246383667 -8.92326259613037 -8.83364772796631 -8.73598766326904 -8.68588829040527 -8.66703414916992 -8.6565523147583 -8.65224170684814 -8.7197961807251 -8.80724716186523 -8.92631340026855 -9.20089530944824 -9.00667381286621 -8.69160079956055 -9.06186866760254 -9.10046672821045 -9.05995845794678 -9.11867618560791 -9.21193885803223 -9.2938232421875 -9.35033321380615 -9.41354370117188 -9.44968605041504 -9.46453952789307 -9.49690055847168 -9.5423412322998 -9.57882976531982 -9.56351852416992 -9.66554546356201 -9.80215167999268 -9.93598747253418 -10.0610799789429 -10.0762100219727 -9.96378517150879 -9.9046802520752 -9.83162593841553 -9.76293087005615 -9.79269981384277 -9.76656341552734 -9.68171691894531 -9.50294589996338 -9.50001907348633 -9.64217376708984 -9.94803047180176 -10.0610399246216 -10.0497798919678 -9.93810176849365 -9.83731269836426
-8.3615894317627 -8.52602958679199 -8.69955825805664 -8.77820110321045 -8.77630615234375 -8.72099781036377 -8.60791873931885 -8.60042953491211 -8.60907077789307 -8.61169624328613 -8.73352241516113 -8.82736492156982 -8.90357875823975 -9.17660236358643 -8.90238666534424 -8.49116134643555 -8.9663028717041 -9.05544185638428 -9.06053924560547 -9.18438529968262 -9.28520584106445 -9.34541606903076 -9.35957908630371 -9.48460006713867 -9.54092216491699 -9.53039073944092 -9.52032089233398 -9.56884098052979 -9.62039566040039 -9.57203197479248 -9.62520885467529 -9.72793960571289 -9.87117481231689 -10.0153703689575 -10.0456895828247 -9.93850326538086 -9.86603832244873 -9.75283622741699 -9.64551830291748 -9.783278465271 -9.81285381317139 -9.73049545288086 -9.45677852630615 -9.36087608337402 -9.38793277740479 -9.55584907531738 -9.71141624450684 -9.78281402587891 -9.76137542724609 -9.68956089019775
-8.22477531433105 -8.34115314483643 -8.48946285247803 -8.59787845611572 -8.75530624389648 -8.83314990997314 -8.59623908996582 -8.633957862854 -8.67561626434326 -8.63277721405029 -8.76432609558105 -8.84571170806885 -8.87886810302734 -8.94317436218262 -8.67613124847412 -8.3617467880249 -8.81658554077148 -8.95117378234863 -8.99917411804199 -9.10983943939209 -9.17597007751465 -9.21370697021484 -9.22347068786621 -9.4773063659668 -9.60505104064941 -9.61845874786377 -9.61085891723633 -9.66932773590088 -9.7289342880249 -9.64653015136719 -9.63020133972168 -9.65027713775635 -9.70257759094238 -9.74040412902832 -9.73560237884521 -9.67940616607666 -9.63232421875 -9.55652904510498 -9.50584697723389 -9.76377391815186 -9.80845260620117 -9.70293521881104 -9.37177753448486 -9.24639129638672 -9.2112865447998 -9.25302982330322 -9.36985683441162 -9.5297212600708 -9.72707653045654 -9.71053981781006
-8.09641170501709 -8.18437480926514 -8.29190540313721 -8.3789587020874 -8.49058818817139 -8.57629871368408 -8.56841945648193 -8.75208759307861 -8.93698501586914 -9.04632472991943 -9.04802417755127 -8.97903919219971 -8.86597347259521 -8.83285903930664 -8.71853923797607 -8.61907577514648 -8.79199695587158 -8.87184906005859 -8.92094707489014 -8.97841835021973 -9.04220867156982 -9.08943557739258 -9.12499141693115 -9.32865142822266 -9.46885681152344 -9.5411205291748 -9.62951278686523 -9.67382526397705 -9.68813991546631 -9.68031024932861 -9.61389446258545 -9.54825115203857 -9.52050590515137 -9.50566959381104 -9.50625705718994 -9.51350402832031 -9.42467021942139 -9.34048080444336 -9.30675315856934 -9.49462890625 -9.52155780792236 -9.44386672973633 -9.28061866760254 -9.21775722503662 -9.1923713684082 -9.18992137908936 -9.23633480072021 -9.36727619171143 -9.56985569000244 -9.67677974700928
-7.99931001663208 -8.09671211242676 -8.19620132446289 -8.26558494567871 -8.33602333068848 -8.42163944244385 -8.54854774475098 -8.88636684417725 -9.2017879486084 -9.40177345275879 -9.47259616851807 -9.40503025054932 -9.20481395721436 -8.89310359954834 -8.82884788513184 -8.89200305938721 -8.84028720855713 -8.83024120330811 -8.84101486206055 -8.86619853973389 -8.94502258300781 -9.00335693359375 -9.02689361572266 -9.17401695251465 -9.31289863586426 -9.43906688690186 -9.59341239929199 -9.5965690612793 -9.54554080963135 -9.58709335327148 -9.51737689971924 -9.42582607269287 -9.35727024078369 -9.31654644012451 -9.30387020111084 -9.31133842468262 -9.21326637268066 -9.12857341766357 -9.08395195007324 -9.18212985992432 -9.20481872558594 -9.18950080871582 -9.1669864654541 -9.1783618927002 -9.17170143127441 -9.12136745452881 -9.13729190826416 -9.23503303527832 -9.41063213348389 -9.58336162567139
-7.93527317047119 -8.07645320892334 -8.22780990600586 -8.28810405731201 -8.3691234588623 -8.47502136230469 -8.54600429534912 -8.99339294433594 -9.38861179351807 -9.58132934570312 -9.96364498138428 -10.1349601745605 -10.0553903579712 -9.15126800537109 -8.97164344787598 -9.12826633453369 -8.97980308532715 -8.86480903625488 -8.77639484405518 -8.79239940643311 -8.90444183349609 -8.96672439575195 -8.93888759613037 -9.05171489715576 -9.18771553039551 -9.33952045440674 -9.4957389831543 -9.43375396728516 -9.29957962036133 -9.33043670654297 -9.31793403625488 -9.27959632873535 -9.22178936004639 -9.17516422271729 -9.11628532409668 -9.03195667266846 -8.99221420288086 -8.92996501922607 -8.86182022094727 -8.87712860107422 -8.93339920043945 -8.99202632904053 -9.02505111694336 -9.08613014221191 -9.09926509857178 -8.99432945251465 -9.03757286071777 -9.13188171386719 -9.25453567504883 -9.42502307891846
-7.75234699249268 -7.81251287460327 -7.88324117660522 -7.94382619857788 -8.04403305053711 -8.19080066680908 -8.42191219329834 -8.77936840057373 -9.04762744903564 -9.15133571624756 -9.63082122802734 -9.97237300872803 -10.037389755249 -9.29638290405273 -9.24887371063232 -9.5659761428833 -9.53205299377441 -9.26111316680908 -8.96640110015869 -8.8096227645874 -8.85836696624756 -8.90959453582764 -8.9139461517334 -8.98703002929688 -9.12905979156494 -9.3047046661377 -9.34460258483887 -9.2852611541748 -9.19368457794189 -9.16422557830811 -9.14081764221191 -9.10888385772705 -9.05533123016357 -8.97855281829834 -8.90217113494873 -8.83398246765137 -8.80087852478027 -8.75934982299805 -8.71982574462891 -8.73974132537842 -8.76843070983887 -8.79314136505127 -8.79561042785645 -8.82239723205566 -8.84793663024902 -8.8662805557251 -9.01743984222412 -9.17236137390137 -9.30066680908203 -9.32564735412598
-7.66917085647583 -7.69396877288818 -7.73208808898926 -7.76197099685669 -7.82515096664429 -7.93738889694214 -8.14611434936523 -8.36203384399414 -8.54705238342285 -8.69183921813965 -9.0183572769165 -9.33642292022705 -9.56286716461182 -9.31883907318115 -9.46970844268799 -9.79038333892822 -9.75241947174072 -9.46349430084229 -9.14750671386719 -8.97274303436279 -8.96698570251465 -9.00187969207764 -9.04329299926758 -9.03221607208252 -9.11346626281738 -9.25492382049561 -9.23999500274658 -9.20412254333496 -9.15180969238281 -9.06954097747803 -9.02923965454102 -8.98120594024658 -8.8914041519165 -8.79125213623047 -8.71384429931641 -8.66901302337646 -8.65086841583252 -8.63909339904785 -8.63249778747559 -8.63689136505127 -8.63643741607666 -8.63424587249756 -8.63426494598389 -8.66588020324707 -8.72893047332764 -8.83571529388428 -8.99932861328125 -9.10305595397949 -9.12833881378174 -9.10413455963135
