Variables/MIS4/ctemp.asc
NCOLS 258 
NROWS 132 
XLLCORNER -10.933275447 
YLLCORNER 36.059072361 
CELLSIZE 0.11561 
NODATA_value -9999 
[rows 44 to 65 of 132, columns 150 to 199 of 258]
-7.0270881652832 -7.74368381500244 -8.62684154510498 -9.46882152557373 -9.45802402496338 -9.48519515991211 -9.65391826629639 -10.1520099639893 -10.4973497390747 -10.9462900161743 -11.6162700653076 -12.1769599914551 -12.475359916687 -12.5155096054077 -12.4624395370483 -11.2793502807617 -9.86556243896484 -10.5121803283691 -10.2516098022461 -9.5512580871582 -8.63663005828857 -8.61699390411377 -8.85873031616211 -9.22493076324463 -9.68865489959717 -9.48798084259033 -9.03026580810547 -10.9032096862793 -11.8233299255371 -12.0637397766113 -11.917929649353 -11.6643695831299 -11.3838901519775 -11.1467199325562 -11.8887901306152 -12.9036598205566 -13.8420295715332 -12.4040298461914 -11.658260345459 -11.3084096908569 -9.20580577850342 -8.75952625274658 -9.35405158996582 -10.7026395797729 -11.2044401168823 -11.3205604553223 -11.1363201141357 -10.8714599609375 -10.2049999237061 -9.19044303894043
-6.91657686233521 -7.4071478843689 -8.36311721801758 -9.67834377288818 -11.131799697876 -10.3716602325439 -9.39230060577393 -10.645580291748 -12.0430402755737 -13.2220401763916 -14.1496295928955 -14.1474504470825 -14.4741296768188 -15.0829296112061 -12.9185104370117 -10.1966695785522 -7.70053005218506 -8.97804832458496 -8.88815784454346 -8.14085006713867 -6.82963085174561 -7.00181007385254 -7.58484697341919 -8.53504753112793 -7.84957313537598 -7.90722417831421 -8.6594409942627 -9.39770030975342 -10.0036296844482 -10.4594802856445 -10.8513298034668 -11.0437803268433 -11.122670173645 -10.9454097747803 -11.3470802307129 -12.1978101730347 -13.4618101119995 -10.9472503662109 -9.7988862991333 -9.52951145172119 -8.44090843200684 -8.4083137512207 -8.98346424102783 -10.0154895782471 -10.0741195678711 -9.70630073547363 -9.05134963989258 -8.6828498840332 -8.00362968444824 -6.99293994903564
-8.00493717193604 -8.24655055999756 -8.84329319000244 -9.89872932434082 -11.9493398666382 -12.2454204559326 -12.0397796630859 -12.4861698150635 -13.1085500717163 -13.6058301925659 -13.8429899215698 -14.2690000534058 -14.3138303756714 -13.7558298110962 -11.3536100387573 -9.54435920715332 -8.27508735656738 -7.5140380859375 -6.86617088317871 -6.37829685211182 -6.17743110656738 -6.19187211990356 -6.53318500518799 -7.23548889160156 -6.98637199401855 -7.27475595474243 -8.06410598754883 -8.42235946655273 -8.87730503082275 -9.26838111877441 -9.19931697845459 -9.34441471099854 -9.40310382843018 -9.17392921447754 -10.4181203842163 -11.0211801528931 -10.4953603744507 -9.64380073547363 -8.6668643951416 -7.75504398345947 -7.75855588912964 -8.35125541687012 -9.13458061218262 -9.6682014465332 -9.63917064666748 -9.17090797424316 -8.17510509490967 -7.49131488800049 -6.92983722686768 -6.47836923599243
-7.71680307388306 -8.43741989135742 -9.47215557098389 -10.7138395309448 -11.9400300979614 -12.1519899368286 -11.8736696243286 -11.4129400253296 -11.7297096252441 -11.9467096328735 -11.7410802841187 -12.339150428772 -12.5408496856689 -12.030309677124 -9.91213512420654 -8.45026111602783 -7.43741512298584 -6.30068111419678 -5.64841079711914 -5.36222219467163 -5.51660680770874 -5.52226305007935 -5.66989898681641 -6.03759479522705 -5.99580907821655 -6.2406702041626 -6.73466300964355 -6.91614198684692 -7.20396184921265 -7.47298812866211 -7.44027614593506 -7.49922704696655 -7.66205215454102 -8.00250625610352 -8.89416694641113 -9.1421070098877 -8.47372627258301 -8.03249168395996 -7.6165599822998 -7.34265279769897 -7.84200811386108 -8.17262840270996 -8.30535411834717 -8.10654354095459 -7.96658706665039 -7.58947992324829 -6.76992416381836 -6.28775501251221 -5.97899103164673 -5.80018281936646
-6.72702884674072 -8.25901222229004 -9.91559505462646 -11.4460296630859 -11.489990234375 -11.1757698059082 -10.4810800552368 -9.37818717956543 -9.77782821655273 -9.88066005706787 -9.2106294631958 -9.63323783874512 -9.96526718139648 -10.0496597290039 -8.43451309204102 -6.99690294265747 -5.8248929977417 -5.29199600219727 -4.9785327911377 -4.82510423660278 -4.87117099761963 -4.90875101089478 -4.93869495391846 -4.9571590423584 -4.98309278488159 -5.05318689346313 -5.15211200714111 -5.26304388046265 -5.39263391494751 -5.52036714553833 -5.75892305374146 -5.77747011184692 -6.04633903503418 -7.06064987182617 -7.05226421356201 -6.95457696914673 -6.88527822494507 -6.33870506286621 -6.56851005554199 -7.41035318374634 -8.03775787353516 -7.69043922424316 -6.89865207672119 -6.01799011230469 -5.80387401580811 -5.60710716247559 -5.24400997161865 -5.20154619216919 -5.16669178009033 -5.12518501281738
-6.83396816253662 -8.40068626403809 -9.29433441162109 -9.84779739379883 -11.3030700683594 -11.8175401687622 -11.8609304428101 -11.6748600006104 -11.8005895614624 -11.5280199050903 -10.4685201644897 -8.83938217163086 -7.92533493041992 -7.66248083114624 -6.16720104217529 -5.25609588623047 -4.7820029258728 -4.53039693832397 -4.39578199386597 -4.32020092010498 -4.28452920913696 -4.29966688156128 -4.30609512329102 -4.29149484634399 -4.37423610687256 -4.44079113006592 -4.48599481582642 -4.52789402008057 -4.56549501419067 -4.61704206466675 -4.73312520980835 -4.77366304397583 -4.91943597793579 -5.3358268737793 -5.37142515182495 -5.2756290435791 -5.09748411178589 -5.15670204162598 -5.43322277069092 -5.89401388168335 -6.52593994140625 -6.29445314407349 -5.66743278503418 -5.07634210586548 -4.95329809188843 -4.9193959236145 -4.83871221542358 -4.82223320007324 -4.80400705337524 -4.77692985534668
-7.71026182174683 -8.53867530822754 -9.37280368804932 -10.2940101623535 -11.5283298492432 -12.053560256958 -12.0709600448608 -11.5041904449463 -10.9595403671265 -10.0676097869873 -8.5883674621582 -6.8516640663147 -5.79830980300903 -5.4135160446167 -4.68626499176025 -4.26022481918335 -4.06546688079834 -3.98142695426941 -3.92485690116882 -3.88191795349121 -3.8507080078125 -3.87611198425293 -3.88257002830505 -3.85034394264221 -3.8968300819397 -3.93696999549866 -3.96374297142029 -3.99278593063354 -4.01785898208618 -4.0485520362854 -4.10697603225708 -4.16527700424194 -4.24638414382935 -4.37260723114014 -4.41726922988892 -4.38245391845703 -4.2864990234375 -4.40231895446777 -4.56912994384766 -4.77953910827637 -5.09512186050415 -5.01129293441772 -4.73906278610229 -4.47283220291138 -4.43068218231201 -4.43726396560669 -4.42351484298706 -4.42050695419312 -4.41116523742676 -4.39221382141113
-8.40207099914551 -8.85153484344482 -9.74784374237061 -10.8850803375244 -11.5086002349854 -11.8759098052979 -11.7319297790527 -10.4449701309204 -9.12289524078369 -7.65061807632446 -5.96445178985596 -4.82173299789429 -4.10365200042725 -3.78045892715454 -3.74131798744202 -3.65845489501953 -3.56427693367004 -3.57229089736938 -3.55028510093689 -3.52357411384583 -3.5121328830719 -3.54600095748901 -3.55054807662964 -3.50273108482361 -3.504065990448 -3.51807498931885 -3.54144310951233 -3.57599711418152 -3.6085319519043 -3.63733601570129 -3.65676689147949 -3.71124911308289 -3.7556300163269 -3.75672101974487 -3.80058002471924 -3.83071708679199 -3.83691096305847 -3.86335110664368 -3.89659190177917 -3.93347811698914 -3.96509599685669 -3.99403095245361 -4.00735712051392 -3.97448396682739 -3.99732089042664 -4.0179591178894 -4.00936985015869 -3.99932193756104 -3.98996210098267 -3.98023104667664
-7.85446691513062 -9.59136009216309 -10.2006397247314 -10.1083698272705 -10.534520149231 -11.0475997924805 -11.0645198822021 -9.37887191772461 -7.43805313110352 -5.65039014816284 -4.16806888580322 -3.76878905296326 -3.55141496658325 -3.45849108695984 -3.41093301773071 -3.36128401756287 -3.31527400016785 -3.31863403320312 -3.31608510017395 -3.30211496353149 -3.28064799308777 -3.28488802909851 -3.26255202293396 -3.20377707481384 -3.21016907691956 -3.22123908996582 -3.23670697212219 -3.27702188491821 -3.3067319393158 -3.31855511665344 -3.28603506088257 -3.29989409446716 -3.31454205513 -3.31148195266724 -3.37150597572327 -3.4279088973999 -3.47305703163147 -3.47815895080566 -3.45036005973816 -3.41058897972107 -3.49059009552002 -3.5070629119873 -3.48980808258057 -3.45643591880798 -3.51561403274536 -3.57803106307983 -3.60685396194458 -3.55920195579529 -3.53129100799561 -3.53170299530029
-9.34938716888428 -10.1029396057129 -10.1405296325684 -9.69371891021729 -9.52555274963379 -9.14348220825195 -8.47764301300049 -7.27006101608276 -5.73387098312378 -4.42127799987793 -3.63761901855469 -3.48058390617371 -3.42119288444519 -3.36830306053162 -3.26004409790039 -3.2104709148407 -3.20002698898315 -3.1889979839325 -3.18659710884094 -3.17948198318481 -3.15507102012634 -3.18786406517029 -3.17869806289673 -3.09594988822937 -3.07561898231506 -3.05145788192749 -3.01996898651123 -3.00312805175781 -3.01547789573669 -3.02886700630188 -2.99048900604248 -2.97070288658142 -2.95790100097656 -2.94827198982239 -2.96549701690674 -2.97810196876526 -2.97941708564758 -2.98620796203613 -2.97640895843506 -2.96363091468811 -3.0093719959259 -3.0058000087738 -2.98579907417297 -2.99071288108826 -3.04037499427795 -3.09938788414001 -3.14919495582581 -3.10167908668518 -3.07804608345032 -3.09651398658752
-10.4166898727417 -10.0457801818848 -9.70546054840088 -9.42681694030762 -9.27676391601562 -8.31709671020508 -7.0289740562439 -5.76375293731689 -4.49896621704102 -3.59949207305908 -3.30411005020142 -3.30250191688538 -3.2979838848114 -3.25027894973755 -3.149827003479 -3.1011950969696 -3.08704495429993 -3.07350707054138 -3.07177400588989 -3.06218409538269 -3.02461290359497 -3.05135488510132 -3.05627489089966 -3.01827907562256 -3.09381604194641 -3.08565092086792 -2.98628711700439 -2.84064507484436 -2.78929090499878 -2.78086400032043 -2.73751497268677 -2.68224000930786 -2.63688111305237 -2.61981701850891 -2.59270310401917 -2.56238889694214 -2.5321888923645 -2.52871489524841 -2.52231192588806 -2.51461601257324 -2.52256894111633 -2.50740599632263 -2.49360704421997 -2.5198609828949 -2.54849696159363 -2.58607292175293 -2.63637089729309 -2.61675691604614 -2.62591099739075 -2.67486810684204
-10.6009397506714 -9.25045871734619 -8.91592407226562 -9.3091459274292 -10.0782604217529 -9.28679180145264 -7.67385482788086 -5.35943603515625 -3.96807503700256 -3.17202496528625 -3.04289793968201 -3.07467794418335 -3.07318091392517 -3.0332179069519 -3.04811406135559 -3.00769996643066 -2.94763588905334 -2.95056009292603 -2.94827103614807 -2.92619609832764 -2.86432909965515 -2.82611799240112 -2.8477509021759 -2.93179893493652 -3.31618690490723 -3.39788699150085 -3.20351910591125 -2.8650050163269 -2.71266388893127 -2.61030197143555 -2.54489493370056 -2.44858193397522 -2.35308289527893 -2.32782006263733 -2.26707196235657 -2.21390795707703 -2.18044400215149 -2.15608906745911 -2.11523389816284 -2.05509901046753 -2.03580498695374 -2.02180409431458 -2.01593589782715 -2.03170490264893 -2.03574991226196 -2.0388970375061 -2.04862093925476 -2.10077595710754 -2.17332601547241 -2.27269601821899
-9.9966926574707 -8.68117713928223 -8.54422378540039 -9.28982734680176 -9.88568115234375 -9.44549655914307 -8.06531143188477 -5.26047611236572 -3.77301788330078 -3.03225207328796 -2.99353504180908 -2.96586489677429 -2.96060800552368 -2.96932291984558 -2.92048692703247 -2.90215301513672 -2.90389609336853 -2.90064692497253 -2.83986306190491 -2.76425695419312 -2.70626497268677 -2.80145907402039 -3.02815008163452 -3.41325807571411 -3.96861290931702 -4.01180505752563 -3.61863493919373 -3.48998689651489 -3.38325309753418 -3.21712589263916 -2.81153106689453 -2.47082901000977 -2.22342109680176 -2.12947988510132 -2.02330493927002 -1.94806301593781 -1.91407704353333 -1.87449300289154 -1.84553503990173 -1.80850994586945 -1.67227602005005 -1.5906720161438 -1.55232298374176 -1.56617605686188 -1.58338403701782 -1.59022104740143 -1.579136967659 -1.62844097614288 -1.71338295936584 -1.81632900238037
-8.82223606109619 -8.02599811553955 -8.32936763763428 -9.40321254730225 -10.0829095840454 -9.59306621551514 -8.22286415100098 -5.74350500106812 -4.12833309173584 -3.20091104507446 -3.05320906639099 -2.98553395271301 -2.95784211158752 -2.96390295028687 -3.0043830871582 -3.00505900382996 -2.97297096252441 -2.91389489173889 -2.88590788841248 -2.87958407402039 -2.89876103401184 -2.98290395736694 -3.27892398834229 -3.86137199401855 -4.40707492828369 -4.48637580871582 -4.18800592422485 -4.13766717910767 -3.89500999450684 -3.51147603988647 -3.02043294906616 -2.72742390632629 -2.49731206893921 -2.26995301246643 -2.0431981086731 -1.85865998268127 -1.72778499126434 -1.60074400901794 -1.53978002071381 -1.50402903556824 -1.31655299663544 -1.20649695396423 -1.14642596244812 -1.12286698818207 -1.14364802837372 -1.15844702720642 -1.14359498023987 -1.18016803264618 -1.2385059595108 -1.30437302589417
-7.27761220932007 -7.40575885772705 -8.21929836273193 -9.52895927429199 -10.4946603775024 -9.68053913116455 -8.16455745697021 -6.60887908935547 -4.81065893173218 -3.55582499504089 -3.16354703903198 -3.07001090049744 -3.01531600952148 -2.98762798309326 -3.2409610748291 -3.23963189125061 -3.09961795806885 -2.95400190353394 -3.01329207420349 -3.16823291778564 -3.32362008094788 -3.23536491394043 -3.38363099098206 -4.14281606674194 -4.42828512191772 -4.62225484848022 -4.74204397201538 -4.61395215988159 -4.13134098052979 -3.51975297927856 -3.16780495643616 -3.19041299819946 -3.1435010433197 -2.72830295562744 -2.32975292205811 -1.9706779718399 -1.66231501102448 -1.4225549697876 -1.28460896015167 -1.19551396369934 -1.02559399604797 -0.921077013015747 -0.824915587902069 -0.73672491312027 -0.754724621772766 -0.769025087356567 -0.764519274234772 -0.790265381336212 -0.798995971679688 -0.785909295082092
-6.97615194320679 -7.68617391586304 -8.14617443084717 -8.53400993347168 -9.37181091308594 -8.96994495391846 -7.89463901519775 -6.37663888931274 -4.69473791122437 -3.45582604408264 -3.00732898712158 -2.90334296226501 -2.89823389053345 -2.97210311889648 -3.22008609771729 -3.13710308074951 -2.87936592102051 -2.79814410209656 -2.80820107460022 -2.87079095840454 -2.82241106033325 -2.75843000411987 -2.72037291526794 -2.88218903541565 -3.18380808830261 -3.53904008865356 -3.93041610717773 -4.01741313934326 -3.97452306747437 -3.81378698348999 -3.46134805679321 -3.80317401885986 -3.99048805236816 -3.40627789497375 -2.87854409217834 -2.440269947052 -2.11257910728455 -1.89919197559357 -1.63420605659485 -1.35002505779266 -1.24057495594025 -1.02090501785278 -0.790983021259308 -0.700285196304321 -0.647480309009552 -0.633857727050781 -0.672678172588348 -0.666723072528839 -0.677346229553223 -0.706702888011932
-6.68795919418335 -7.54352998733521 -8.0755615234375 -8.3643856048584 -8.53043746948242 -8.27044296264648 -7.69878387451172 -6.73900413513184 -5.33053302764893 -4.26786088943481 -3.96411108970642 -4.00569677352905 -3.94572710990906 -3.73219609260559 -3.47104001045227 -3.09134602546692 -2.66534090042114 -2.35110306739807 -9999 -9999 -9999 -9999 -9999 -9999 -9999 -2.60310792922974 -2.78876805305481 -3.12455201148987 -3.24436593055725 -3.27133703231812 -3.01293110847473 -3.31943798065186 -3.71124005317688 -3.89754796028137 -3.8115119934082 -3.54422307014465 -3.11907601356506 -2.80316209793091 -2.30114793777466 -1.71625602245331 -1.52553701400757 -1.33313298225403 -1.15297698974609 -1.03484702110291 -0.833365023136139 -0.667388081550598 -0.609774172306061 -0.625104010105133 -0.655279815196991 -0.682106375694275
-6.22761917114258 -6.98741579055786 -7.68598079681396 -8.18875122070312 -7.67454385757446 -7.40227317810059 -7.25899887084961 -7.14415121078491 -6.3236141204834 -5.5820460319519 -5.22401285171509 -5.39260101318359 -5.14055585861206 -4.41674613952637 -3.52212810516357 -2.83179998397827 -2.27555704116821 -9999 -9999 -9999 -9999 -9999 -9999 -9999 -9999 -9999 -9999 -2.29419302940369 -2.29579305648804 -2.36661291122437 -2.22900891304016 -2.37162709236145 -2.908695936203 -4.10573101043701 -4.41668081283569 -4.38617706298828 -4.04564094543457 -3.68638801574707 -3.03516697883606 -2.2202000617981 -1.87565195560455 -1.73201203346252 -1.66100704669952 -1.5178849697113 -1.21651494503021 -0.907850027084351 -0.667061626911163 -0.687443375587463 -0.706584870815277 -0.695432722568512
-5.1473388671875 -5.81349277496338 -6.17807197570801 -6.29597091674805 -6.15539693832397 -5.85287284851074 -5.76873779296875 -6.45422887802124 -7.06904602050781 -6.91321516036987 -5.48978185653687 -5.34128379821777 -4.61959409713745 -3.24568104743958 -2.30205893516541 -1.69067299365997 -9999 -9999 -9999 -9999 -9999 -9999 -9999 -9999 -9999 -9999 -9999 -9999 -9999 -1.76121199131012 -1.70934498310089 -1.87138605117798 -2.41463208198547 -3.54449605941772 -3.16621804237366 -3.08272290229797 -3.61349201202393 -3.71165108680725 -3.4482479095459 -2.92620396614075 -2.34832906723022 -2.06401610374451 -1.93451297283173 -1.80922996997833 -1.75857400894165 -1.5857800245285 -1.14097702503204 -0.983595073223114 -0.8523228764534 -0.722268283367157
-4.31427383422852 -4.67616701126099 -4.67552185058594 -4.4104118347168 -3.99797391891479 -3.66988492012024 -3.55993604660034 -3.96245908737183 -4.73506307601929 -4.80546808242798 -3.65288996696472 -3.4946300983429 -2.9710419178009 -1.99858295917511 -1.39265501499176 -9999 -9999 -9999 -9999 -9999 -9999 -9999 -9999 -9999 -9999 -9999 -9999 -9999 -9999 -1.39887094497681 -1.21403002738953 -1.32743799686432 -1.6382759809494 -2.21683597564697 -2.13377809524536 -2.16441607475281 -2.46426105499268 -2.52559208869934 -2.34618902206421 -2.00184297561646 -1.69381499290466 -1.54279804229736 -1.47166705131531 -1.42527496814728 -1.64634501934052 -1.86616599559784 -1.93092000484467 -1.52097296714783 -1.18944203853607 -1.03708505630493
-3.51306700706482 -3.61456203460693 -3.44631600379944 -3.05509495735168 -2.42689800262451 -1.98312795162201 -1.67042994499207 -1.51051902770996 -2.09769701957703 -1.76915001869202 -1.52352797985077 -1.4867889881134 -9999 -9999 -9999 -9999 -9999 -9999 -9999 -9999 -9999 -9999 -9999 -9999 -9999 -9999 -9999 -9999 -9999 -9999 -9999 -0.843668878078461 -0.950267016887665 -1.09497499465942 -1.33274698257446 -1.45930898189545 -1.42630004882812 -1.37930405139923 -1.22795104980469 -1.02123296260834 -0.981721818447113 -0.945385217666626 -0.92382538318634 -0.950024604797363 -1.47629499435425 -2.01987791061401 -2.34855604171753 -1.956915974617 -1.65647494792938 -1.5575430393219
-2.56352591514587 -2.66183805465698 -2.70921301841736 -2.73856496810913 -2.37753295898438 -1.61501705646515 -0.848641693592072 -0.235229700803757 -9999 -9999 -9999 -9999 -9999 -9999 -9999 -9999 -9999 -9999 -9999 -9999 -9999 -9999 -9999 -9999 -9999 -9999 -9999 -9999 -9999 -9999 -9999 -0.607741415500641 -0.606829702854156 -0.718818783760071 -0.857756495475769 -0.950233519077301 -0.983621776103973 -1.03871595859528 -0.999965786933899 -0.896667718887329 -0.825985312461853 -0.729106187820435 -0.647906184196472 -0.711646914482117 -1.57091999053955 -2.13928198814392 -1.7722100019455 -2.02666401863098 -2.22829508781433 -2.34574508666992
