Variables/MIS4/ctemp.asc
NCOLS 258 
NROWS 132 
XLLCORNER -10.933275447 
YLLCORNER 36.059072361 
CELLSIZE 0.11561 
NODATA_value -9999 
[rows 110 to 131 of 132, columns 50 to 99 of 258]
3.6999340057373 3.55233407020569 3.38084101676941 3.2265191078186 2.96021199226379 2.60926389694214 2.25456309318542 2.05472993850708 1.94489002227783 1.90106201171875 1.89571595191956 1.81785798072815 1.60146999359131 1.64032399654388 1.7371209859848 1.86006295681 1.9020060300827 1.97364604473114 2.05403304100037 2.0826210975647 2.23034596443176 2.30927300453186 2.09548997879028 1.4424329996109 1.22968101501465 1.80974400043488 2.36770701408386 2.90982890129089 3.41973495483398 3.74010610580444 3.98037099838257 4.13806009292603 4.13680505752563 4.11605501174927 4.18161487579346 4.45939302444458 4.70925998687744 4.80102396011353 4.69190692901611 4.77884197235107 4.99618101119995 5.3331618309021 5.87861013412476 6.48630380630493 -9999 -9999 -9999 -9999 -9999 -9999
3.79358696937561 3.66260194778442 3.50600790977478 3.34927201271057 3.18613505363464 2.99738001823425 2.66225099563599 2.35006809234619 2.12051510810852 2.13357901573181 2.265958070755 2.17387104034424 1.65491795539856 1.64900803565979 1.82483100891113 2.14298295974731 2.43161988258362 2.51389002799988 2.50746607780457 2.74767303466797 2.79173588752747 2.67924189567566 2.32244801521301 1.75933003425598 1.79642200469971 2.76507902145386 3.16621899604797 3.57904100418091 4.0265851020813 4.33226203918457 4.52057123184204 4.62843799591064 4.6739501953125 4.67879009246826 4.64840221405029 4.56346797943115 4.89804792404175 5.25354623794556 5.56677913665771 5.881591796875 6.18353891372681 6.5061240196228 -9999 -9999 -9999 -9999 -9999 -9999 -9999 -9999
3.95242190361023 3.82453799247742 3.69932508468628 3.58234095573425 3.43109893798828 3.24700903892517 3.02790307998657 2.83756399154663 2.69810390472412 2.67271304130554 2.77270603179932 2.75778198242188 2.50183391571045 2.52062797546387 2.67417907714844 2.90782403945923 2.98106002807617 2.9849750995636 2.97630500793457 3.08580589294434 2.90099406242371 2.49377989768982 1.82955002784729 1.66460800170898 1.93527805805206 2.64969301223755 2.80653691291809 3.23218297958374 3.96738290786743 4.61814880371094 4.94278478622437 5.07400798797607 5.18369388580322 5.17440509796143 5.14455223083496 5.16751098632812 5.4554648399353 5.82490587234497 6.22002410888672 6.4388108253479 6.68774890899658 6.95351982116699 -9999 -9999 -9999 -9999 -9999 -9999 -9999 -9999
4.17635011672974 4.05128908157349 3.99646496772766 3.9486711025238 3.82737493515015 3.66441893577576 3.58393001556396 3.50479292869568 3.4261519908905 3.34913611412048 3.36511301994324 3.37632393836975 3.34210801124573 3.39449095726013 3.47539806365967 3.55628490447998 3.43964695930481 3.39798903465271 3.36647200584412 3.10413694381714 2.65891098976135 2.05613088607788 1.24006402492523 1.36936104297638 1.75871896743774 2.22871208190918 2.32272291183472 2.8496150970459 3.81462788581848 4.69557285308838 5.15365314483643 5.35893106460571 5.53432989120483 5.6086277961731 5.68154001235962 5.82843208312988 6.05175685882568 6.33788013458252 6.67782878875732 6.80911302566528 7.01831912994385 -9999 -9999 -9999 -9999 -9999 -9999 -9999 -9999 -9999
4.50053215026855 4.38325119018555 4.4511251449585 4.50237798690796 4.4793119430542 4.43050479888916 4.48459911346436 4.37470197677612 4.24052715301514 4.13814783096313 4.02578592300415 3.94529509544373 3.87543797492981 3.86520409584045 3.83734107017517 3.7672860622406 3.73168706893921 3.74050211906433 3.62881588935852 2.69678902626038 2.00875306129456 1.41517102718353 0.827292919158936 0.967243075370789 1.25914204120636 1.63381695747375 2.18156695365906 2.89025497436523 3.77519202232361 4.53250789642334 5.0290699005127 5.37314605712891 5.61319494247437 5.95908498764038 6.26855802536011 6.41015577316284 6.5343770980835 6.6898021697998 6.86047983169556 7.09100580215454 -9999 -9999 -9999 -9999 -9999 -9999 -9999 -9999 -9999 -9999
5.11453580856323 5.01663112640381 5.00292110443115 5.03677606582642 5.02909517288208 4.98007202148438 4.89138603210449 4.75113010406494 4.58654308319092 4.41693019866943 4.30265092849731 4.20722007751465 4.12260103225708 4.102707862854 4.08213090896606 4.06202077865601 4.13678789138794 4.08995485305786 3.74183797836304 2.40593194961548 1.4648289680481 0.99026358127594 1.29370701313019 1.68089199066162 2.0316150188446 2.31214809417725 2.77988004684448 3.36825704574585 3.99846911430359 4.25055122375488 4.65079307556152 5.17350292205811 5.79303979873657 6.20006608963013 6.4798002243042 6.63328504562378 6.80410718917847 6.95180702209473 7.07239198684692 7.33415794372559 -9999 -9999 -9999 -9999 -9999 -9999 -9999 -9999 -9999 -9999
5.64669179916382 5.56372499465942 5.47092008590698 5.43009376525879 5.38560390472412 5.31313800811768 5.11688089370728 4.9578652381897 4.79723215103149 4.57667589187622 4.3263258934021 4.14438819885254 4.08718490600586 3.87963795661926 3.69757509231567 3.61527609825134 3.99914598464966 4.10688781738281 3.78919696807861 2.44264197349548 1.78687798976898 1.67947196960449 2.25722599029541 2.59025597572327 2.78114295005798 2.85673594474792 3.23661398887634 3.79714107513428 4.43080186843872 4.56701898574829 4.90003776550293 5.41577482223511 6.14584398269653 6.49560880661011 6.70446109771729 6.88166284561157 7.04284381866455 7.18404293060303 7.30847406387329 7.4676661491394 -9999 -9999 -9999 -9999 -9999 -9999 -9999 -9999 -9999 -9999
6.02378988265991 5.95317411422729 5.83261489868164 5.67282819747925 5.55127811431885 5.43535423278809 5.19810581207275 5.04262781143188 4.90072107315063 4.65251398086548 4.13600015640259 3.75710391998291 3.7594358921051 3.20577311515808 2.74801301956177 2.3536639213562 3.30578398704529 3.7781240940094 3.7841899394989 2.86594605445862 3.00201201438904 3.45731592178345 3.61963701248169 3.4297399520874 3.25988006591797 3.11156105995178 3.43455100059509 4.0974268913269 5.04678916931152 5.49366998672485 5.81105089187622 6.12905597686768 6.65562009811401 6.85809707641602 6.99079895019531 7.19239377975464 7.28610801696777 7.40360116958618 7.57475996017456 7.47332811355591 -9999 -9999 -9999 -9999 -9999 -9999 -9999 -9999 -9999 -9999
6.22008085250854 6.15964317321777 6.04291820526123 5.91765689849854 5.74691104888916 5.52297019958496 5.18499708175659 4.9922308921814 4.83368015289307 4.57730102539062 3.9528169631958 3.24629211425781 2.58644604682922 2.66648507118225 2.71026992797852 2.66442894935608 3.10314702987671 3.59418797492981 3.98434495925903 3.80316209793091 3.95196104049683 4.09103918075562 3.86239910125732 3.36380004882812 3.06697511672974 3.1777400970459 3.68227291107178 4.3155779838562 5.04231119155884 5.84300518035889 6.21447086334229 6.41181087493896 6.92369604110718 7.13911390304565 7.27594614028931 7.42384099960327 7.55451393127441 7.68969202041626 7.86726713180542 -9999 -9999 -9999 -9999 -9999 -9999 -9999 -9999 -9999 -9999 -9999
6.44184398651123 6.37674617767334 6.27722215652466 6.14047908782959 5.93056678771973 5.63796901702881 5.18316221237183 4.8455867767334 4.57609510421753 4.34347820281982 3.78875398635864 3.15194702148438 2.56232595443726 2.79386401176453 2.92546200752258 2.86481809616089 3.13584804534912 3.50488090515137 3.80785989761353 3.58308100700378 3.72796607017517 3.92280793190002 3.85655903816223 3.59128499031067 3.59067893028259 4.06042909622192 4.64389085769653 5.19000816345215 5.70846796035767 6.37353801727295 6.71313381195068 6.93210792541504 7.29123115539551 -9999 -9999 -9999 -9999 -9999 -9999 -9999 -9999 -9999 -9999 -9999 -9999 -9999 -9999 -9999 -9999 -9999
6.66941499710083 6.57317781448364 6.46990203857422 6.30190181732178 6.07974290847778 5.78284597396851 5.24301815032959 4.76901912689209 4.35797214508057 4.15056180953979 3.7747790813446 3.44431495666504 3.31413888931274 3.3605740070343 3.21571803092957 2.90280199050903 3.19290995597839 3.42000889778137 3.45390295982361 2.7461359500885 2.83698606491089 3.20629906654358 3.5490779876709 3.82289695739746 4.36129808425903 5.26398897171021 5.84734106063843 6.33089303970337 6.72014713287354 7.02474403381348 7.26437902450562 -9999 -9999 -9999 -9999 -9999 -9999 -9999 -9999 -9999 -9999 -9999 -9999 -9999 -9999 -9999 -9999 -9999 -9999 -9999
6.80940103530884 6.60572195053101 6.34661293029785 6.24265718460083 6.1161060333252 5.93569803237915 5.56094217300415 5.25855112075806 4.97936391830444 4.66765785217285 4.37507915496826 4.23871612548828 4.35078001022339 3.91709804534912 3.24386692047119 2.46712303161621 2.6958909034729 3.09953904151917 3.4113609790802 2.78197598457336 2.42568302154541 2.2926230430603 2.45468711853027 3.00290608406067 3.89765310287476 5.17893505096436 5.96627616882324 6.65732908248901 7.26652002334595 7.39425182342529 -9999 -9999 -9999 -9999 -9999 -9999 -9999 -9999 -9999 -9999 -9999 -9999 -9999 -9999 -9999 -9999 -9999 -9999 -9999 -9999
6.73603820800781 6.55253791809082 6.3622670173645 6.33664894104004 6.24553203582764 6.05140209197998 5.63143110275269 5.15981721878052 4.72698593139648 4.47215414047241 4.44502115249634 4.48148393630981 4.50139999389648 4.1102409362793 2.99911093711853 1.34778201580048 0.988624274730682 1.44321703910828 2.21864199638367 2.25307703018188 2.62549901008606 3.17694211006165 3.8257839679718 4.41602420806885 5.0589451789856 5.79616498947144 6.47081279754639 7.05646991729736 7.51957321166992 -9999 -9999 -9999 -9999 -9999 -9999 -9999 -9999 -9999 -9999 -9999 -9999 -9999 -9999 -9999 -9999 -9999 -9999 -9999 -9999 -9999
6.55591297149658 6.42302322387695 6.42127895355225 6.47448205947876 6.3736629486084 6.11716508865356 5.61826515197754 5.06132984161377 4.55994081497192 4.30639600753784 4.34247303009033 4.35760021209717 4.21655893325806 4.2096118927002 3.10028600692749 0.934410810470581 0.235993504524231 0.744970321655273 1.89085602760315 2.32803392410278 3.21638894081116 4.33922004699707 5.60342979431152 6.22295904159546 6.5413498878479 6.61502695083618 7.08406496047974 7.4851508140564 7.52526998519897 -9999 -9999 -9999 -9999 -9999 -9999 -9999 -9999 -9999 -9999 -9999 -9999 -9999 -9999 -9999 -9999 -9999 -9999 -9999 -9999 -9999
6.3111572265625 6.17959213256836 6.49493217468262 6.56939601898193 6.41288185119629 6.05608797073364 5.6438250541687 5.5727858543396 5.48710489273071 4.94839000701904 4.36611223220825 3.87032508850098 3.6033079624176 4.45266389846802 4.35308694839478 3.25458097457886 3.10700798034668 3.81089997291565 4.81157493591309 4.50453281402588 4.22015476226807 4.41790008544922 5.94738101959229 6.77996301651001 7.20511484146118 7.23121118545532 7.57126617431641 7.65713214874268 7.27189111709595 -9999 -9999 -9999 -9999 -9999 -9999 -9999 -9999 -9999 -9999 -9999 -9999 -9999 -9999 -9999 -9999 -9999 -9999 -9999 -9999 -9999
5.83604288101196 5.71814489364624 6.16777801513672 6.76500606536865 6.92237281799316 6.73556613922119 6.52110195159912 6.47115707397461 6.42973613739014 6.18802309036255 5.76096391677856 5.55045604705811 5.39101600646973 5.83625507354736 5.83283710479736 5.30548000335693 5.44357013702393 5.81328201293945 6.18646192550659 6.32961082458496 6.08424186706543 6.40261507034302 7.16937589645386 7.14897298812866 7.17299604415894 7.26816892623901 7.40219497680664 7.27358198165894 -9999 -9999 -9999 -9999 -9999 -9999 -9999 -9999 -9999 -9999 -9999 -9999 -9999 -9999 -9999 -9999 -9999 -9999 -9999 -9999 -9999 -9999
5.80223608016968 5.74741888046265 6.22931909561157 6.98921298980713 7.31554079055786 7.29240894317627 7.21024703979492 7.14189291000366 7.09350681304932 -9999 -9999 -9999 -9999 -9999 -9999 -9999 -9999 -9999 -9999 7.16556596755981 7.26345586776733 7.11939907073975 -9999 -9999 -9999 -9999 -9999 -9999 -9999 -9999 -9999 -9999 -9999 -9999 -9999 -9999 -9999 -9999 -9999 -9999 -9999 -9999 -9999 -9999 -9999 -9999 -9999 -9999 -9999 -9999
6.50854015350342 6.58574485778809 6.98628377914429 7.22442483901978 7.3802490234375 7.45209980010986 -9999 -9999 -9999 -9999 -9999 -9999 -9999 -9999 -9999 -9999 -9999 -9999 -9999 -9999 -9999 -9999 -9999 -9999 -9999 -9999 -9999 -9999 -9999 -9999 -9999 -9999 -9999 -9999 -9999 -9999 -9999 -9999 -9999 -9999 -9999 -9999 -9999 -9999 -9999 -9999 -9999 -9999 -9999 -9999
7.34001111984253 7.11411190032959 -9999 -9999 -9999 -9999 -9999 -9999 -9999 -9999 -9999 -9999 -9999 -9999 -9999 -9999 -9999 -9999 -9999 -9999 -9999 -9999 -9999 -9999 -9999 -9999 -9999 -9999 -9999 -9999 -9999 -9999 -9999 -9999 -9999 -9999 -9999 -9999 -9999 -9999 -9999 -9999 -9999 -9999 -9999 -9999 -9999 -9999 -9999 -9999
-9999 -9999 -9999 -9999 -9999 -9999 -9999 -9999 -9999 -9999 -9999 -9999 -9999 -9999 -9999 -9999 -9999 -9999 -9999 -9999 -9999 -9999 -9999 -9999 -9999 -9999 -9999 -9999 -9999 -9999 -9999 -9999 -9999 -9999 -9999 -9999 -9999 -9999 -9999 -9999 -9999 -9999 -9999 -9999 -9999 -9999 -9999 -9999 -9999 -9999
-9999 -9999 -9999 -9999 -9999 -9999 -9999 -9999 -9999 -9999 -9999 -9999 -9999 -9999 -9999 -9999 -9999 -9999 -9999 -9999 -9999 -9999 -9999 -9999 -9999 -9999 -9999 -9999 -9999 -9999 -9999 -9999 -9999 -9999 -9999 -9999 -9999 -9999 -9999 -9999 -9999 -9999 -9999 -9999 -9999 -9999 -9999 -9999 0.21068699657917 4.39764022827148
-9999 -9999 -9999 -9999 -9999 -9999 -9999 -9999 -9999 -9999 -9999 -9999 -9999 -9999 -9999 -9999 -9999 -9999 -9999 -9999 -9999 -9999 -9999 -9999 -9999 -9999 -9999 -9999 -9999 -9999 -9999 -9999 -9999 -9999 -9999 -9999 -9999 -9999 -9999 -9999 -9999 -9999 -9999 -9999 -9999 -9999 0.785645306110382 4.41430521011353 4.8979640007019 5.80882215499878
