Variables/MIS4/mprec.asc
NCOLS 258 
NROWS 132 
XLLCORNER -10.933275447 
YLLCORNER 36.059072361 
CELLSIZE 0.11561 
NODATA_value -9999 
[rows 69 to 91 of 132, columns 52 to 103 of 258]
842.710876464844 834.235412597656 787.684814453125 723.738098144531 706.659606933594 703.07421875 702.849426269531 695.907104492188 690.792724609375 686.991577148438 684.977294921875 690.952087402344 688.523986816406 676.881896972656 672.646423339844 655.881103515625 634.239074707031 631.007629394531 631.206787109375 632.713806152344 634.140625 619.635803222656 607.904602050781 530.785095214844 446.438110351562 507.07080078125 614.133483886719 625.195983886719 621.271484375 613.209899902344 614.459777832031 608.405029296875 598.918090820312 587.349487304688 583.534606933594 584.385986328125 589.4951171875 591.961791992188 587.552917480469 578.146606445312 572.373718261719 570.270385742188 567.947875976562 558.606811523438 555.669311523438 555.441101074219 556.962524414062 557.02978515625 554.542907714844 549.445983886719 545.968017578125 541.771118164062
913.747497558594 900.849670410156 840.381713867188 765.205322265625 778.880920410156 768.488525390625 746.533020019531 725.967224121094 714.268005371094 709.715270996094 713.396789550781 715.375915527344 707.983581542969 691.4091796875 678.745300292969 664.626525878906 650.783081054688 643.443420410156 638.43359375 637.888488769531 646.25732421875 640.233581542969 633.693725585938 631.323913574219 630.898071289062 630.366516113281 630.833129882812 640.540771484375 641.186279296875 638.903869628906 646.785278320312 643.343017578125 639.021606445312 640.829284667969 623.845520019531 615.047302246094 622.047302246094 628.842224121094 627.920776367188 618.815002441406 598.8505859375 585.80908203125 577.840515136719 574.49658203125 568.794921875 565.3740234375 567.579223632812 567.101928710938 565.036987304688 561.838195800781 560.921081542969 558.687805175781
951.732971191406 938.827514648438 880.708618164062 805.397888183594 848.917419433594 824.857116699219 778.138427734375 735.920288085938 716.433898925781 712.47607421875 724.654479980469 721.917724609375 706.722290039062 678.901184082031 655.921081542969 646.701416015625 645.629516601562 641.411376953125 636.200988769531 632.504211425781 630.315979003906 628.999816894531 627.6220703125 625.237487792969 623.112670898438 621.560485839844 620.612487792969 624.932800292969 633.160827636719 645.911804199219 667.290283203125 674.310913085938 683.213806152344 706.260986328125 679.291687011719 665.157104492188 675.833679199219 686.327209472656 691.914611816406 689.385925292969 660.751281738281 628.154174804688 598.395324707031 609.716918945312 602.544372558594 587.685485839844 585.517517089844 581.629821777344 578.018310546875 577.049011230469 577.435424804688 577.189270019531
863.59912109375 898.199890136719 893.171081542969 856.066284179688 824.268005371094 793.25537109375 760.758911132812 722.752624511719 701.547424316406 687.169372558594 677.301086425781 662.611572265625 647.848876953125 634.88720703125 636.567321777344 636.215270996094 632.933776855469 623.827819824219 613.776428222656 605.265930175781 601.673706054688 609.481811523438 614.281921386719 611.014221191406 604.194580078125 606.688598632812 616.689514160156 611.797119140625 624.500915527344 648.42529296875 675.234680175781 698.664978027344 721.609008789062 745.883911132812 759.645080566406 792.155212402344 847.385375976562 817.468627929688 820.982421875 852.908325195312 853.148620605469 782.691528320312 717.495422363281 795.543029785156 773.04248046875 725.948913574219 684.787170410156 651.429626464844 639.063720703125 649.0751953125 643.918273925781 630.347595214844
803.859191894531 819.473388671875 821.252624511719 804.483825683594 766.861389160156 740.86376953125 720.878479003906 702.418518066406 685.731201171875 671.658508300781 661.439208984375 653.922973632812 639.99072265625 621.730224609375 627.0341796875 626.348022460938 619.492797851562 608.285827636719 600.754028320312 597.141723632812 599.784118652344 605.297790527344 608.181701660156 605.762573242188 597.830017089844 593.27392578125 592.833129882812 594.025207519531 609.484985351562 632.600830078125 653.325988769531 671.569702148438 691.709411621094 717.902282714844 740.756896972656 781.369506835938 842.752380371094 859.24658203125 895.294616699219 944.143798828125 949.468688964844 909.096374511719 868.025329589844 898.366821289062 864.01171875 822.224914550781 801.5009765625 758.279479980469 728.16552734375 722.285705566406 759.562622070312 773.895385742188
763.688781738281 746.571716308594 734.098205566406 723.166076660156 704.981079101562 689.14697265625 678.54541015625 681.410522460938 673.799621582031 665.698120117188 661.468017578125 662.457214355469 648.363525390625 620.128601074219 622.365417480469 618.42138671875 609.081604003906 597.015625 594.13037109375 596.844177246094 604.728393554688 603.601684570312 600.962585449219 598.41357421875 590.721618652344 578.594482421875 564.828918457031 572.461303710938 590.386596679688 611.741027832031 623.314575195312 629.802185058594 641.080078125 667.5087890625 683.092224121094 711.418090820312 760.188415527344 826.802917480469 889.641296386719 942.833312988281 945.176574707031 949.783020019531 948.405212402344 913.698486328125 876.587585449219 861.084899902344 885.760070800781 851.385925292969 815.714904785156 792.9296875 874.94580078125 912.176208496094
762.357971191406 739.96630859375 712.044311523438 682.6259765625 672.085205078125 663.035095214844 658.621520996094 668.085388183594 674.068481445312 674.896484375 668.725280761719 653.268920898438 635.906982421875 618.568725585938 619.464477539062 616.038391113281 608.115600585938 595.764770507812 593.336608886719 594.406677246094 594.861389160156 588.845275878906 580.573120117188 571.10791015625 564.510925292969 558.165405273438 551.982971191406 545.788879394531 567.606079101562 599.909484863281 608.604370117188 611.95947265625 619.130126953125 639.781005859375 642.485717773438 649.609985351562 667.537292480469 692.941284179688 721.0576171875 748.281005859375 767.852783203125 779.197021484375 780.0166015625 771.053283691406 766.877197265625 784.642822265625 842.35400390625 855.080627441406 861.477416992188 868.439575195312 924.188415527344 915.2998046875
746.110412597656 726.783813476562 699.091979980469 669.133911132812 655.331115722656 650.669128417969 653.559875488281 667.613098144531 682.812683105469 689.318176269531 680.172424316406 668.792785644531 655.150085449219 640.808227539062 637.609313964844 632.665588378906 624.140197753906 607.242980957031 596.98681640625 591.058227539062 589.201721191406 583.523681640625 576.829406738281 569.956420898438 563.793823242188 557.646789550781 551.25732421875 543.670288085938 553.563171386719 573.502380371094 592.628601074219 603.239624023438 614.564025878906 633.781372070312 646.518371582031 649.945983886719 643.934814453125 654.160888671875 663.331604003906 672.289184570312 693.426574707031 700.830627441406 692.823974609375 657.219787597656 656.033508300781 678.469787597656 726.627075195312 758.069885253906 768.515930175781 763.93359375 821.669311523438 820.63037109375
725.311279296875 710.582885742188 687.98876953125 661.704772949219 645.275695800781 644.579528808594 653.7470703125 671.807495117188 689.024597167969 697.223815917969 690.357421875 688.031005859375 685.198608398438 681.744873046875 683.526428222656 677.981506347656 666.238586425781 649.187316894531 628.384521484375 611.722717285156 609.393798828125 605.229675292969 598.633728027344 588.717224121094 573.646728515625 562.705871582031 555.951904296875 547.222778320312 545.369018554688 551.394470214844 572.922424316406 591.521484375 608.590698242188 624.471313476562 643.140380859375 645.685974121094 627.389282226562 632.374816894531 635.583312988281 637.916625976562 654.922729492188 655.38427734375 637.633178710938 585.710021972656 577.818420410156 591.236877441406 622.505004882812 654.899780273438 664.099426269531 650.873474121094 699.882690429688 714.555908203125
700.559814453125 691.971496582031 676.159484863281 655.953979492188 640.794799804688 644.045104980469 657.269714355469 678.845397949219 687.157775878906 692.011474609375 695.849182128906 702.873901367188 718.969177246094 747.607482910156 764.415588378906 759.697021484375 745.03369140625 736.389282226562 703.466003417969 674.018127441406 671.895324707031 668.61572265625 656.947387695312 632.245788574219 591.903991699219 569.797912597656 565.263977050781 550.757873535156 543.871276855469 542.357177734375 547.68212890625 571.177429199219 593.175720214844 599.745727539062 608.775512695312 608.804077148438 596.836975097656 600.810485839844 611.520080566406 629.112915039062 635.610290527344 624.584228515625 604.003112792969 576.352783203125 555.829895019531 549.384887695312 563.423217773438 586.944519042969 600.111572265625 603.023620605469 610.02587890625 633.021789550781
684.669921875 674.654724121094 663.291015625 652.919372558594 652.808288574219 655.700805664062 662.043273925781 675.126403808594 683.703430175781 691.394714355469 699.738525390625 711.367980957031 723.012329101562 734.536926269531 749.161071777344 758.469116210938 761.246704101562 751.082580566406 744.433715820312 738.623779296875 731.1259765625 720.887573242188 702.981079101562 673.594787597656 629.901123046875 593.756286621094 568.593017578125 559.321716308594 549.958618164062 542.473999023438 544.2880859375 558.385620117188 573.880676269531 583.242797851562 589.897888183594 591.0908203125 585.798095703125 582.997375488281 581.411682128906 580.5546875 579.133422851562 569.214294433594 555.368713378906 542.709411621094 532.669311523438 535.570190429688 561.55810546875 573.393127441406 583.198974609375 591.353271484375 580.51318359375 591.221618652344
671.738586425781 662.7880859375 654.754272460938 649.499084472656 655.161987304688 661.314697265625 668.884582519531 680.455505371094 688.567626953125 696.251403808594 704.879211425781 716.689575195312 725.170288085938 729.418884277344 731.392822265625 740.19189453125 750.786926269531 747.852416992188 750.242614746094 750.660827636719 740.408874511719 728.870300292969 715.305114746094 697.701721191406 656.594421386719 615.734313964844 580.542419433594 566.861999511719 555.338623046875 545.573791503906 540.048706054688 542.411926269531 549.234375 560.110900878906 566.19287109375 568.27001953125 565.917297363281 560.933471679688 551.151428222656 538.820678710938 534.504211425781 528.967712402344 522.782104492188 516.993774414062 516.046203613281 526.870300292969 557.041870117188 565.02197265625 572.076171875 579.962707519531 566.207092285156 566.280883789062
661.538513183594 656.031616210938 649.966186523438 645.216674804688 647.156005859375 660.351684570312 677.577514648438 695.002380371094 699.843078613281 703.942321777344 710.272521972656 717.018005371094 726.063171386719 737.344177246094 721.938781738281 717.007385253906 718.92041015625 732.405212402344 722.979187011719 707.676513671875 698.046081542969 692.414978027344 692.794982910156 703.355529785156 666.886108398438 634.246520996094 603.592407226562 578.59521484375 563.168212890625 551.256591796875 534.115173339844 525.102111816406 522.035522460938 530.642517089844 536.853515625 538.808715820312 536.855529785156 533.501220703125 523.348815917969 507.953491210938 508.120391845703 508.541412353516 507.890411376953 501.498901367188 505.826202392578 519.717529296875 545.785217285156 554.14599609375 560.419311523438 566.187622070312 559.041381835938 553.863098144531
657.013305664062 645.305480957031 637.609924316406 636.875915527344 656.263671875 671.498229980469 683.825317382812 693.423278808594 691.034729003906 689.207580566406 693.502319335938 696.224426269531 698.784912109375 701.139526367188 701.042907714844 702.314514160156 704.002075195312 702.814514160156 686.605224609375 669.235778808594 664.063415527344 659.608093261719 661.130493164062 670.442077636719 661.734191894531 660.58349609375 665.395812988281 646.269470214844 604.800598144531 558.729797363281 544.5458984375 531.878173828125 522.376892089844 519.09228515625 520.727722167969 520.064086914062 515.38818359375 514.082214355469 509.80419921875 502.892791748047 496.45361328125 490.592407226562 485.225402832031 480.616302490234 490.701690673828 507.332000732422 528.520629882812 541.132080078125 546.045471191406 543.462097167969 542.219970703125 545.73681640625
642.723083496094 630.546081542969 629.337219238281 639.50341796875 662.692504882812 675.957275390625 682.949279785156 684.900329589844 682.203430175781 680.229309082031 681.686279296875 684.520080566406 686.055725097656 685.827209472656 684.074829101562 683.484375 682.21630859375 674.032470703125 655.792907714844 640.013305664062 640.460815429688 636.956726074219 637.966186523438 646.694519042969 650.109313964844 659.081176757812 670.289978027344 655.892578125 611.446472167969 560.245788574219 547.442687988281 536.783813476562 527.876892089844 521.754211425781 518.601928710938 512.63720703125 502.830291748047 501.201507568359 501.122802734375 500.7119140625 494.486114501953 488.608795166016 483.282897949219 478.894287109375 484.558410644531 496.290802001953 513.99072265625 526.651794433594 533.293579101562 534.066589355469 537.361694335938 544.428405761719
624.419799804688 615.507019042969 624.866577148438 647.584899902344 666.0703125 675.223876953125 678.023315429688 673.954528808594 674.905029296875 676.25439453125 676.395385742188 680.471923828125 682.731994628906 682.450500488281 672.477783203125 666.250610351562 660.901306152344 650.446472167969 633.927490234375 620.727722167969 624.847290039062 622.331481933594 622.053588867188 627.41357421875 633.064514160156 637.465881347656 639.2041015625 624.781005859375 592.671569824219 556.517578125 545.074279785156 538.384582519531 534.012390136719 530.853393554688 523.842895507812 513.388000488281 498.868011474609 494.293395996094 494.730712890625 498.623901367188 496.395111083984 493.993713378906 491.411987304688 486.361511230469 484.627288818359 488.368011474609 500.874389648438 513.496520996094 525.146423339844 535.355102539062 540.909484863281 545.098510742188
613.544372558594 610.385803222656 624.070129394531 649.0673828125 665.127319335938 673.025573730469 675.361572265625 671.694580078125 670.609313964844 675.195495605469 688.023620605469 680.717590332031 674.806579589844 672.825622558594 672.122619628906 668.898986816406 662.3330078125 647.698425292969 633.1787109375 620.9755859375 614.620178222656 614.659912109375 612.837829589844 606.647827148438 608.024475097656 607.827880859375 604.012084960938 586.346984863281 567.948120117188 551.187683105469 542.303283691406 535.572387695312 530.440612792969 527.455322265625 524.193176269531 519.653015136719 512.947509765625 496.448913574219 487.116607666016 485.034606933594 488.891693115234 487.318115234375 483.019409179688 478.874786376953 485.523284912109 490.327514648438 486.217590332031 509.833801269531 532.408813476562 548.44482421875 546.089294433594 536.091674804688
611.703308105469 610.889282226562 623.053405761719 643.561584472656 657.097778320312 665.255493164062 669.181579589844 667.264404296875 662.491577148438 659.829223632812 662.029113769531 662.668701171875 675.930480957031 699.96337890625 700.765075683594 698.332580566406 690.165405273438 661.134887695312 639.22802734375 625.829223632812 626.553894042969 630.319885253906 623.521911621094 600.731323242188 589.971618652344 584.317077636719 580.817199707031 568.336120605469 559.883422851562 556.120788574219 560.118713378906 554.180725097656 545.313781738281 537.468688964844 529.293029785156 521.609313964844 514.331420898438 503.193908691406 492.323913574219 483.153594970703 480.912414550781 477.321197509766 473.551300048828 472.051300048828 476.434906005859 479.454406738281 477.208404541016 489.035491943359 510.543792724609 537.550720214844 533.840270996094 522.82373046875
610.578796386719 611.32958984375 620.8701171875 636.474975585938 649.566528320312 657.703125 662.309326171875 662.863403320312 658.051818847656 652.706176757812 648.991271972656 656.14892578125 682.469421386719 723.62841796875 717.088012695312 712.849182128906 705.383422851562 667.228393554688 639.926208496094 626.9755859375 639.667724609375 650.244384765625 645.596008300781 619.076416015625 599.892578125 586.246520996094 577.47509765625 570.507507324219 568.099182128906 570.170776367188 579.828430175781 576.266418457031 567.891784667969 558.479675292969 541.602416992188 526.826477050781 516.702392578125 510.252990722656 500.528411865234 488.441497802734 480.629913330078 475.489898681641 472.524108886719 472.635406494141 472.010498046875 472.498413085938 475.398590087891 470.432006835938 483.055511474609 515.185913085938 513.688720703125 504.157012939453
603.116271972656 606.632385253906 616.054626464844 630.727111816406 649.609191894531 655.362976074219 656.817626953125 660.27001953125 666.695617675781 678.896179199219 701.848876953125 693.063720703125 692.623718261719 701.435485839844 676.84228515625 666.799987792969 663.08837890625 640.710510253906 621.917785644531 615.005493164062 635.842102050781 659.210876464844 676.932800292969 685.888427734375 670.502075195312 643.793273925781 609.332702636719 602.893005371094 599.997619628906 597.736999511719 585.134887695312 586.857482910156 592.232299804688 594.241821289062 567.106872558594 544.076293945312 532.134094238281 514.109619140625 504.4541015625 501.847808837891 499.353393554688 495.882690429688 493.131286621094 490.988708496094 487.902404785156 486.766204833984 489.056793212891 473.103302001953 468.979614257812 480.399993896484 490.418701171875 476.094390869141
608.491394042969 606.369812011719 608.887512207031 616.25 631.59521484375 637.533813476562 642.768127441406 659.125793457031 699.238891601562 721.207275390625 700.044311523438 659.367004394531 636.599914550781 634.508422851562 621.95458984375 617.693725585938 618.2841796875 613.332214355469 610.397094726562 615.602722167969 639.496276855469 664.226989746094 682.451782226562 690.31591796875 693.027099609375 671.191528320312 630.286315917969 615.866577148438 608.2783203125 602.693420410156 592.591186523438 589.164978027344 594.861022949219 614.904602050781 595.87548828125 569.11669921875 542.672180175781 525.520812988281 516.119079589844 511.556213378906 501.705413818359 498.182312011719 498.443206787109 500.323791503906 495.859893798828 492.042907714844 492.5 481.555114746094 473.638214111328 472.516296386719 471.592193603516 -9999
621.314819335938 614.652770996094 611.482116699219 613.19873046875 627.607299804688 637.146911621094 648.739379882812 673.661987304688 717.952880859375 728.439208984375 672.014282226562 614.612487792969 583.650329589844 580.996704101562 580.613220214844 583.830688476562 590.4345703125 602.0341796875 610.070922851562 620.179077148438 639.295104980469 662.397827148438 680.405822753906 689.585021972656 699.765991210938 685.560729980469 649.521118164062 625.578918457031 613.629272460938 606.653076171875 592.659912109375 588.997619628906 598.308288574219 628.405395507812 618.610717773438 595.860595703125 566.125671386719 551.269287109375 539.2216796875 527.366577148438 508.001708984375 504.756896972656 510.185607910156 517.15771484375 513.362426757812 504.925689697266 493.197906494141 478.889404296875 465.919097900391 455.798004150391 448.597686767578 -9999
642.211120605469 633.93408203125 628.941711425781 628.918273925781 647.852111816406 664.150024414062 683.703491210938 708.267272949219 704.608581542969 679.518005371094 617.028015136719 576.101013183594 555.841369628906 555.488525390625 563.503723144531 573.685974121094 587.206604003906 613.739929199219 622.909729003906 626.865173339844 631.8330078125 652.875122070312 675.070129394531 696.798583984375 698.614318847656 691.30126953125 672.922729492188 637.833190917969 623.916870117188 615.267211914062 582.614501953125 587.661987304688 607.382202148438 632.947875976562 629.759887695312 621.047424316406 609.417114257812 594.606994628906 576.75439453125 552.972778320312 525.221801757812 523.497009277344 534.920715332031 546.223022460938 543.823120117188 528.992614746094 490.841888427734 459.799987792969 436.897399902344 420.981597900391 423.886505126953 431.328887939453
