Variables/MIS4/mprec.asc
NCOLS 258 
NROWS 132 
XLLCORNER -10.933275447 
YLLCORNER 36.059072361 
CELLSIZE 0.11561 
NODATA_value -9999 
[rows 23 to 45 of 132, columns 52 to 103 of 258]
91.1606292724609 184.170501708984 590.931213378906 602.133972167969 709.72900390625 729.166015625 708.492492675781 687.394409179688 660.945617675781 639.808898925781 630.403381347656 629.288208007812 625.841186523438 618.487670898438 607.030517578125 592.439819335938 575.522521972656 556.914001464844 530.87451171875 508.973602294922 505.209014892578 508.149505615234 506.76611328125 497.281097412109 497.035888671875 497.087310791016 496.410400390625 494.296691894531 493.525207519531 496.645111083984 512.33349609375 527.71337890625 537.019775390625 532.816528320312 528.558288574219 522.990600585938 516.114685058594 516.357971191406 511.657897949219 503.681091308594 504.840301513672 507.926788330078 510.144012451172 506.230895996094 501.344207763672 497.908813476562 497.87451171875 500.695892333984 496.349609375 483.297485351562 472.385406494141 465.130096435547
401.439514160156 675.351928710938 799.406311035156 792.679870605469 770.488586425781 750.822814941406 733.421569824219 718.665588378906 697.769287109375 680.636474609375 672.71337890625 662.7880859375 649.638916015625 634.158020019531 625.022094726562 612.564025878906 597.551086425781 582.485778808594 560.548828125 539.83740234375 529.39892578125 528.025573730469 524.333312988281 514.568908691406 511.398101806641 508.189300537109 505.614807128906 512.927307128906 512.412719726562 510.974304199219 524.664916992188 538.835876464844 547.605407714844 543.887390136719 539.018798828125 531.935180664062 522.562927246094 517.730712890625 512.286071777344 507.067596435547 508.572204589844 510.939208984375 512.061279296875 507.981903076172 503.252502441406 499.556610107422 498.360107421875 500.539794921875 497.566314697266 488.051086425781 479.980987548828 472.561492919922
822.892822265625 821.242980957031 821.660827636719 818.46142578125 787.180725097656 764.963073730469 749.7119140625 742.348510742188 729.12939453125 715.333129882812 702.533203125 683.5595703125 664.317993164062 646.1328125 639.601013183594 627.304382324219 611.600891113281 598.671813964844 585.052490234375 570.763671875 554.084716796875 545.701293945312 538.286926269531 529.851318359375 523.485473632812 518.914184570312 517.647216796875 534.209228515625 532.951171875 526.4091796875 540.566101074219 551.583129882812 557.885925292969 554.984069824219 550.908325195312 543.318969726562 530.903686523438 515.572082519531 507.478485107422 505.772399902344 506.496307373047 505.993103027344 504.259613037109 500.713806152344 499.789489746094 499.559387207031 499.044097900391 498.283813476562 495.134307861328 489.373901367188 486.719085693359 480.671691894531
820.580383300781 814.777099609375 804.170227050781 789.8916015625 771.957580566406 765.76220703125 764.48828125 763.622680664062 747.435180664062 725.352783203125 699.741394042969 686.777282714844 675.809387207031 665.689086914062 654.542419433594 632.341613769531 605.261779785156 591.841003417969 583.318420410156 576.255126953125 568.188415527344 559.011474609375 548.564025878906 536.26171875 528.32568359375 527.494812011719 533.763977050781 545.25732421875 538.64697265625 527.115905761719 537.993286132812 546.331787109375 552.2802734375 554.740478515625 551.713928222656 543.764770507812 530.254516601562 517.221984863281 508.962585449219 505.343994140625 506.924987792969 505.208312988281 500.995208740234 493.679595947266 490.631195068359 490.037902832031 492.337005615234 497.217407226562 497.230285644531 491.537994384766 491.972686767578 487.888000488281
820.947326660156 815.281799316406 806.674987792969 796.899719238281 787.543823242188 786.177917480469 786.137878417969 779.299621582031 764.714416503906 745.905212402344 723.686889648438 708.079284667969 694.233825683594 680.741577148438 663.251281738281 640.133972167969 615.2919921875 598.876525878906 585.200073242188 574.154418945312 567.174987792969 556.577514648438 546.843322753906 539.656982421875 532.96240234375 527.92431640625 525.798828125 533.221984863281 530.013977050781 524.297729492188 533.870422363281 541.5537109375 547.731079101562 551.832885742188 548.031127929688 538.187927246094 522.634094238281 511.572204589844 504.303985595703 500.873413085938 503.787109375 501.613311767578 497.202911376953 494.353088378906 490.065612792969 488.108795166016 491.542510986328 496.385589599609 498.055389404297 495.766693115234 493.815399169922 490.429504394531
816.746520996094 817.899719238281 815.954284667969 809.73388671875 803.857788085938 803.793029785156 800.622985839844 781.837585449219 769.656311035156 757.611389160156 742.803894042969 722.760070800781 704.302307128906 688.030029296875 670.05126953125 649.223571777344 627.268493652344 608.983825683594 591.624572753906 577.325927734375 569.912414550781 556.599182128906 547.848083496094 547.372375488281 539.077575683594 528.585876464844 518.589721679688 524.338623046875 525.086669921875 524.465576171875 531.384582519531 537.78857421875 542.593383789062 544.070373535156 538.271484375 527.87841796875 513.327575683594 505.069488525391 498.167205810547 493.052795410156 495.398895263672 493.234191894531 489.925811767578 490.898101806641 488.486785888672 488.458801269531 494.792297363281 498.695404052734 500.266693115234 499.204986572266 494.503112792969 491.470611572266
796.800170898438 -9999 824.326477050781 -9999 805.952270507812 804.81640625 797.588806152344 761.825073242188 751.895385742188 746.526489257812 740.093627929688 714.613586425781 694.7470703125 682.017700195312 676.0166015625 658.335815429688 634.970092773438 617.410522460938 604.460876464844 594.610412597656 587.73388671875 569.870727539062 560.275329589844 566.093811035156 547.574829101562 533.979919433594 526.62548828125 533.740173339844 534.75927734375 533.231872558594 532.850280761719 535.726013183594 535.836975097656 527.5302734375 519.852722167969 512.093383789062 505.071411132812 501.007293701172 492.766815185547 481.710906982422 479.186187744141 477.852203369141 476.42041015625 475.424011230469 480.520599365234 489.079986572266 503.077209472656 506.395294189453 505.439697265625 500.345886230469 494.738708496094 492.134796142578
-9999 -9999 -9999 -9999 -9999 767.190673828125 770.733276367188 761.12890625 742.855895996094 730.224975585938 718.732482910156 704.807312011719 691.128479003906 677.770812988281 661.768188476562 646.478820800781 632.753112792969 623.458374023438 614.468383789062 605.352294921875 595.518127441406 576.189514160156 560.758422851562 553.908508300781 541.088623046875 533.006469726562 530.568969726562 531.419372558594 532.345520019531 533.401611328125 535.158874511719 536.158020019531 533.470825195312 523.027526855469 513.045715332031 505.77490234375 502.037689208984 498.241912841797 490.030090332031 479.367095947266 476.346588134766 474.57080078125 474.105285644531 476.523986816406 482.567413330078 491.076995849609 501.928894042969 501.693298339844 498.935699462891 495.226989746094 491.385986328125 489.635192871094
-9999 -9999 -9999 -9999 -9999 -9999 -9999 -9999 -9999 -9999 -9999 -9999 692.327819824219 679.090270996094 659.199279785156 646.593872070312 638.643310546875 628.388122558594 616.517028808594 603.814086914062 590.571899414062 576.664611816406 562.699584960938 549.100402832031 539.517578125 534.472717285156 533.309997558594 531.945190429688 531.269775390625 531.456604003906 533.432983398438 532.505920410156 529.077880859375 522.155700683594 514.107177734375 507.036285400391 501.295989990234 492.174987792969 482.715301513672 474.5 474.548889160156 476.1328125 478.763702392578 482.840606689453 486.062591552734 490.969787597656 499.254699707031 497.784393310547 495.4375 493.667907714844 490.703186035156 489.388092041016
-9999 -9999 -9999 -9999 -9999 -9999 -9999 -9999 -9999 -9999 -9999 -9999 -9999 687.40478515625 674.489624023438 664.957275390625 655.696411132812 633.2998046875 612.206481933594 591.168884277344 573.279724121094 572.742309570312 567.955688476562 554.876586914062 545.844909667969 539.765319824219 536.022277832031 537.655029296875 533.896179199219 528.267578125 526.929077148438 523.791320800781 521.721008300781 523.845825195312 521.135498046875 514.545288085938 503.219299316406 482.994201660156 470.950012207031 465.955291748047 471.450988769531 479.271911621094 488.521697998047 492.211791992188 489.443695068359 488.864990234375 495.632293701172 496.617401123047 496.620391845703 497.010711669922 492.85791015625 491.608001708984
-9999 -9999 -9999 -9999 -9999 -9999 -9999 -9999 -9999 -9999 -9999 -9999 -9999 664.630187988281 697.101501464844 686.861511230469 673.218383789062 651.299377441406 629.900024414062 609.359924316406 590.479125976562 579.103820800781 568.265625 556.010986328125 546.552124023438 543.255798339844 545.005676269531 542.401672363281 534.894409179688 525.709411621094 520.869812011719 516.603820800781 515.409912109375 520.617126464844 518.840270996094 511.989196777344 499.703491210938 484.013702392578 472.685485839844 465.92041015625 463.814514160156 466.517608642578 473.778594970703 488.754089355469 494.227203369141 495.296508789062 492.938812255859 490.448211669922 488.168212890625 486.223114013672 485.03271484375 486.559692382812
-9999 -9999 -9999 -9999 -9999 -9999 -9999 -9999 -9999 -9999 -9999 -9999 -9999 -9999 658.4619140625 702.529418945312 689.991271972656 667.602722167969 645.340026855469 624.724914550781 608.116271972656 594.008911132812 579.68017578125 564.406677246094 552.440185546875 546.642517089844 546.007080078125 542.936584472656 534.84228515625 524.682983398438 517.593505859375 517.8134765625 521.543518066406 527.480895996094 526.700622558594 519.633605957031 505.840911865234 492.442291259766 481.407409667969 473.104309082031 469.653411865234 465.442596435547 464.950988769531 478.769104003906 490.419311523438 496.710388183594 493.829315185547 490.106903076172 486.919494628906 484.740814208984 484.763488769531 487.402496337891
-9999 -9999 -9999 -9999 -9999 -9999 -9999 -9999 -9999 -9999 -9999 -9999 -9999 -9999 -9999 -9999 706.017822265625 682.348999023438 659.133422851562 638.667907714844 625.648315429688 613.322021484375 597.790283203125 577.156188964844 562.646606445312 551.542114257812 543.410400390625 541.574279785156 534.750305175781 525.376892089844 517.881591796875 524.692321777344 534.400329589844 539.97607421875 540.463500976562 534.305114746094 519.444580078125 506.772796630859 495.127502441406 485.182586669922 482.901000976562 472.262084960938 462.081695556641 467.243194580078 481.703186035156 493.493194580078 496.369812011719 493.810607910156 491.663208007812 490.440307617188 491.280212402344 493.449798583984
-9999 -9999 -9999 -9999 -9999 -9999 -9999 -9999 -9999 -9999 -9999 -9999 -9999 -9999 -9999 -9999 -9999 697.0791015625 679.404479980469 662.630004882812 644.520812988281 626.976379394531 607.683715820312 585.998291015625 574.439514160156 564.201293945312 554.527282714844 546.250671386719 537.765380859375 530.372802734375 528.063903808594 530.291381835938 534.642883300781 540.380126953125 544.480590820312 544.769775390625 539.840087890625 527.042419433594 512.730712890625 497.566192626953 482.182891845703 471.890411376953 467.151000976562 472.966796875 479.652191162109 486.370208740234 492.622711181641 495.381011962891 498.159484863281 501.354797363281 502.626007080078 502.3251953125
-9999 -9999 -9999 -9999 -9999 -9999 -9999 -9999 -9999 -9999 -9999 -9999 -9999 -9999 -9999 -9999 -9999 699.601684570312 688.700378417969 672.446105957031 656.622314453125 640.893127441406 622.8759765625 601.845397949219 587.028625488281 574.98828125 565.461120605469 559.980773925781 553.253784179688 546.953186035156 545.541381835938 545.031616210938 546.455993652344 551.490478515625 552.612426757812 552.935180664062 552.431518554688 543.392395019531 529.326782226562 511.770690917969 494.052093505859 481.290588378906 473.887603759766 476.176086425781 482.074798583984 488.678985595703 494.431884765625 495.051513671875 498.14990234375 504.662902832031 506.616088867188 505.773895263672
-9999 -9999 -9999 -9999 -9999 -9999 -9999 -9999 -9999 -9999 -9999 -9999 -9999 -9999 -9999 -9999 -9999 -9999 689.704528808594 677.8369140625 665.510925292969 654.11376953125 639.985778808594 621.596313476562 601.85302734375 586.302612304688 575.954406738281 575.898681640625 572.125793457031 566.960083007812 565.412414550781 563.981628417969 563.462280273438 564.906311035156 561.894897460938 559.97802734375 560.177673339844 554.551086425781 543.603881835938 528.294982910156 511.131286621094 495.667785644531 483.834106445312 481.803588867188 487.60009765625 493.743011474609 496.374389648438 494.325408935547 497.031402587891 505.515106201172 506.386688232422 505.247985839844
-9999 -9999 -9999 -9999 -9999 -9999 -9999 -9999 -9999 -9999 -9999 -9999 -9999 -9999 -9999 -9999 -9999 -9999 -9999 -9999 673.633483886719 664.775390625 655.925170898438 645.515930175781 622.104614257812 601.634521484375 586.18408203125 587.132019042969 585.537170410156 583.221130371094 583.329711914062 583.489624023438 581.13623046875 571.02978515625 569.024597167969 566.455200195312 561.173095703125 555.69873046875 552.478393554688 549.27587890625 527.643310546875 512.169006347656 501.645599365234 497.76708984375 496.864807128906 495.184112548828 490.688598632812 494.807586669922 500.732696533203 507.387512207031 503.133911132812 500.144409179688
-9999 -9999 -9999 -9999 -9999 -9999 -9999 -9999 -9999 -9999 -9999 -9999 -9999 -9999 -9999 -9999 -9999 -9999 -9999 -9999 -9999 -9999 663.335083007812 654.192687988281 634.822082519531 615.951416015625 599.971374511719 592.54052734375 590.987121582031 591.346130371094 586.903869628906 582.116516113281 576.201416015625 568.183227539062 567.4921875 565.905822753906 561.277099609375 557.137878417969 553.261779785156 549.027282714844 541.530578613281 530.084106445312 518.443420410156 512.690185546875 509.915985107422 506.978088378906 502.344207763672 503.369598388672 506.272003173828 509.562805175781 505.502105712891 502.939392089844
-9999 -9999 -9999 -9999 -9999 -9999 -9999 -9999 -9999 -9999 -9999 -9999 -9999 -9999 -9999 -9999 -9999 -9999 -9999 -9999 -9999 659.571594238281 667.393676757812 659.349914550781 643.892395019531 627.019592285156 609.864929199219 596.109375 590.881713867188 589.108581542969 581.447326660156 572.291625976562 563.950317382812 558.641418457031 557.882019042969 556.422729492188 553.038696289062 550.671875 546.0048828125 540.618225097656 543.956420898438 538.290405273438 529.209777832031 524.476806640625 522.652282714844 520.368408203125 515.684326171875 512.544799804688 511.246398925781 511.629791259766 509.260406494141 508.541809082031
-9999 -9999 -9999 -9999 -9999 -9999 4.4028148651123 -9999 -9999 -9999 -9999 -9999 -9999 -9999 -9999 -9999 -9999 -9999 -9999 -9999 -9999 -9999 667.339172363281 662.970275878906 649.642822265625 632.892578125 613.331726074219 598.888000488281 585.066223144531 572.762329101562 566.649719238281 557.696472167969 548.591979980469 542.298095703125 539.34228515625 535.70361328125 531.258483886719 531.663024902344 529.383911132812 525.514587402344 528.948181152344 530.378601074219 530.569519042969 531.384521484375 532.382080078125 531.799987792969 526.093872070312 519.040771484375 514.596130371094 511.955810546875 513.367126464844 515.670715332031
-9999 -9999 -9999 -9999 -9999 -9999 -9999 -9999 -9999 -9999 -9999 20.819429397583 39.2785491943359 57.2909202575684 -9999 -9999 -9999 -9999 -9999 -9999 552.561706542969 629.688720703125 666.771179199219 662.356811523438 648.582397460938 634.034484863281 619.286926269531 601.164672851562 582.055419921875 564.942504882812 557.530883789062 550.493103027344 544.407470703125 540.247497558594 535.610412597656 531.528076171875 528.358093261719 525.770874023438 523.608581542969 522.7294921875 528.037109375 530.852905273438 531.064819335938 527.028625488281 526.83447265625 525.754821777344 520.942077636719 518.514282226562 518.871276855469 521.948303222656 523.735290527344 525.583984375
-9999 -9999 -9999 -9999 -9999 -9999 -9999 -9999 -9999 -9999 -9999 -9999 3.9769549369812 -9999 -9999 -9999 -9999 -9999 -9999 -9999 -9999 -9999 653.967529296875 659.437316894531 645.778015136719 633.936889648438 622.206909179688 604.745483398438 583.119812011719 561.963928222656 551.564270019531 545.056213378906 540.529296875 537.606384277344 534.102478027344 531.465087890625 530.05908203125 527.651916503906 525.930786132812 525.685791015625 530.69140625 532.531188964844 531.712219238281 527.570983886719 526.931396484375 526.925170898438 526.313720703125 527.964111328125 531.349792480469 536.218383789062 539.528381347656 540.311218261719
-9999 -9999 -9999 -9999 -9999 -9999 -9999 -9999 -9999 -9999 -9999 -9999 -9999 -9999 -9999 -9999 -9999 -9999 -9999 -9999 -9999 -9999 -9999 648.491577148438 -9999 629.534973144531 621.429870605469 608.146606445312 587.263488769531 563.782470703125 549.189819335938 541.110778808594 535.782287597656 533.109680175781 532.000183105469 532.327575683594 534.536987304688 534.314514160156 533.550415039062 532.927917480469 534.90478515625 534.038330078125 532.37841796875 533.294677734375 533.998229980469 536.936584472656 543.13427734375 547.567626953125 551.163513183594 553.797180175781 559.012512207031 558.804382324219
