Variables/MIS4/mprec.asc
NCOLS 258 
NROWS 132 
XLLCORNER -10.933275447 
YLLCORNER 36.059072361 
CELLSIZE 0.11561 
NODATA_value -9999 
[rows 23 to 45 of 132, columns 104 to 155 of 258]
461.016998291016 460.277099609375 459.752288818359 459.157806396484 458.149810791016 461.394500732422 463.955413818359 463.609588623047 461.084503173828 456.753814697266 451.120208740234 448.42529296875 458.32080078125 473.530395507812 475.318511962891 478.436187744141 483.118591308594 490.3203125 494.232513427734 497.686706542969 501.080688476562 497.773010253906 488.4296875 475.821411132812 477.31201171875 481.495910644531 487.740295410156 496.984405517578 501.852996826172 502.204711914062 495.999603271484 506.42919921875 518.0595703125 527.525512695312 532.898681640625 535.031799316406 534.557189941406 532.583679199219 527.594909667969 520.258483886719 509.896789550781 504.930786132812 504.350402832031 509.285491943359 512.320373535156 518.285095214844 528.378723144531 544.568969726562 531.322326660156 500.89111328125 491.206207275391 500.003387451172
466.017486572266 461.983093261719 460.588195800781 460.252014160156 459.831390380859 462.367401123047 464.440490722656 464.296997070312 461.009490966797 456.634887695312 452.129211425781 451.8203125 460.142791748047 471.592010498047 472.987609863281 475.578796386719 478.355804443359 480.31298828125 483.725402832031 488.664093017578 494.829498291016 493.827697753906 487.129699707031 477.786499023438 480.687591552734 486.685485839844 493.746612548828 499.560394287109 499.818786621094 498.189514160156 496.894897460938 510.420288085938 523.763793945312 532.822875976562 536.665100097656 536.225280761719 533.666198730469 536.542724609375 531.362487792969 522.109924316406 512.773376464844 510.926696777344 512.599182128906 516.93359375 520.357177734375 528.451477050781 541.9619140625 554.82568359375 541.211181640625 513.210388183594 505.75439453125 509.751708984375
472.189514160156 464.38330078125 461.289001464844 460.961395263672 463.214691162109 464.584503173828 465.406890869141 465.532104492188 462.084503173828 458.986785888672 456.793395996094 457.165710449219 464.176513671875 473.731506347656 474.831787109375 475.539886474609 474.877990722656 471.645599365234 474.408905029297 481.041198730469 491.931304931641 493.592590332031 491.208587646484 486.491912841797 488.949584960938 494.032196044922 499.716186523438 501.840698242188 498.661590576172 496.259796142578 499.342010498047 515.715209960938 530.245971679688 539.467224121094 538.956115722656 535.283203125 531.275329589844 540.719116210938 535.465209960938 523.697814941406 514.081481933594 515.0244140625 519.491821289062 525.1904296875 528.656982421875 539.511291503906 558.4423828125 566.965026855469 547.646484375 514.659484863281 514.668273925781 516.289978027344
480.441711425781 473.124603271484 468.508514404297 465.753509521484 464.984710693359 464.7255859375 465.081085205078 466.376098632812 464.074310302734 463.178497314453 464.057098388672 464.218109130859 470.053314208984 478.474792480469 480.978790283203 484.089385986328 487.906585693359 492.530792236328 489.704315185547 491.294311523438 500.740905761719 500.174987792969 497.513793945312 494.334808349609 498.267395019531 497.215515136719 494.524291992188 496.366485595703 498.371398925781 502.117004394531 509.902893066406 523.988525390625 536.926574707031 546.139282226562 535.123107910156 527.951293945312 526.683288574219 542.017578125 537.562622070312 524.542419433594 514.771301269531 514.780517578125 520.781982421875 533.276184082031 535.380187988281 546.710388183594 569.068420410156 577.150329589844 549.612121582031 505.939910888672 512.693603515625 516.071472167969
485.719512939453 479.672393798828 474.892700195312 471.454803466797 470.290588378906 470.50439453125 472.159301757812 475.483184814453 476.105804443359 474.811004638672 472.109710693359 470.740386962891 472.187286376953 475.537506103516 479.414703369141 485.966888427734 492.780609130859 497.568511962891 495.377990722656 496.566802978516 504.252685546875 503.768188476562 500.618988037109 496.590515136719 497.222900390625 496.305908203125 495.702911376953 499.976287841797 504.527709960938 509.944702148438 517.1201171875 525.0126953125 530.870971679688 533.165222167969 527.529418945312 528.972290039062 536.227478027344 540.499694824219 533.135925292969 521.752380371094 515.626770019531 518.464111328125 525.352478027344 535.177124023438 544.647521972656 557.822021484375 574.167785644531 580.241882324219 547.449279785156 503.303405761719 534.626770019531 538.083984375
489.189514160156 483.330291748047 479.158111572266 476.482208251953 476.007690429688 477.215698242188 480.029388427734 484.778015136719 487.173492431641 485.472412109375 480.105285644531 477.295288085938 475.140502929688 474.351287841797 478.346405029297 486.577209472656 494.329803466797 496.927093505859 495.568511962891 496.215515136719 500.656188964844 500.336486816406 498.247406005859 495.236297607422 494.754486083984 497.031707763672 501.450286865234 508.302185058594 511.672912597656 514.54052734375 518.720520019531 522.207275390625 523.444519042969 522.176879882812 525.222106933594 531.398986816406 538.155517578125 533.317199707031 525.633972167969 518.218627929688 515.99951171875 520.606628417969 527.557800292969 535.738403320312 552.018188476562 567.350280761719 579.575378417969 582.44140625 546.862182617188 501.936492919922 552.746826171875 555.952026367188
490.769805908203 482.668487548828 479.853485107422 479.702514648438 480.652404785156 482.331390380859 485.27978515625 489.589813232422 490.634490966797 489.989501953125 487.696502685547 484.211212158203 481.865386962891 480.647796630859 482.468902587891 488.663604736328 493.969909667969 493.260711669922 491.105499267578 488.266510009766 484.809814453125 485.91650390625 487.866485595703 490.765502929688 495.377197265625 503.150604248047 512.707580566406 520.588317871094 516.848388671875 511.970489501953 511.52099609375 516.513610839844 520.534973144531 523.373413085938 534.25537109375 531.056884765625 517.829895019531 516.949829101562 516.074829101562 515.405578613281 515.830078125 517.870788574219 523.715881347656 536.52001953125 554.411987304688 571.57568359375 587.303405761719 586.7216796875 551.226501464844 506.844696044922 550.229187011719 552.451416015625
488.575103759766 483.149597167969 480.133087158203 478.777404785156 479.133392333984 482.938903808594 486.512084960938 488.204711914062 489.009887695312 490.172088623047 491.624694824219 491.422088623047 490.743194580078 489.973510742188 489.882904052734 492.730285644531 495.383209228516 494.827789306641 494.989501953125 494.805511474609 493.925598144531 493.425109863281 495.593109130859 500.036193847656 503.403686523438 508.549407958984 514.590026855469 520.095275878906 517.407470703125 513.977600097656 514.808288574219 519.5302734375 522.505615234375 521.987487792969 517.967102050781 512.041687011719 505.967803955078 506.713287353516 509.535003662109 513.154602050781 516.484985351562 522.205383300781 531.001220703125 544.376586914062 558.75390625 572.770324707031 585.206298828125 587.969421386719 546.772094726562 492.543609619141 525.779479980469 531.580627441406
488.437896728516 482.661193847656 478.503601074219 476.471893310547 478.511199951172 483.985290527344 487.651702880859 486.927185058594 487.212707519531 488.865814208984 491.655487060547 493.304504394531 494.431304931641 494.899200439453 493.744506835938 495.732696533203 498.342193603516 499.530792236328 501.518585205078 502.987091064453 503.229797363281 499.764099121094 500.284301757812 504.857391357422 509.438385009766 513.465576171875 516.927185058594 519.427673339844 517.580505371094 515.564575195312 516.243408203125 517.974975585938 517.789123535156 514.351013183594 504.6669921875 499.083099365234 497.615905761719 498.513793945312 504.077911376953 511.579895019531 518.113891601562 527.767272949219 540.237915039062 556.212524414062 566.708984375 575.266479492188 581.806579589844 580.600219726562 546.349792480469 501.051208496094 516.772216796875 520.002197265625
490.934295654297 481.127502441406 475.644409179688 473.904602050781 480.153106689453 486.409606933594 489.081695556641 486.204895019531 486.075988769531 486.802001953125 487.663787841797 489.626312255859 492.510314941406 494.811889648438 493.499114990234 497.065399169922 502.307098388672 507.003204345703 509.175415039062 510.030914306641 509.972686767578 501.118713378906 499.362487792969 503.071594238281 512.894714355469 518.811584472656 521.416381835938 520.523010253906 518.49169921875 516.088928222656 514.296813964844 509.631713867188 505.202789306641 500.406402587891 499.581207275391 496.464111328125 492.754211425781 492.023193359375 499.868804931641 511.128601074219 521.553283691406 534.830078125 550.478393554688 572.086181640625 577.313110351562 579.150024414062 577.627624511719 561.876770019531 548.898498535156 540.4326171875 528.3955078125 522.523620605469
488.652099609375 483.163299560547 481.239105224609 482.426300048828 488.026000976562 488.876892089844 487.191314697266 483.387298583984 484.199584960938 486.561096191406 489.965393066406 493.762298583984 498.562713623047 502.691711425781 500.775695800781 497.914886474609 499.007385253906 510.557800292969 513.367309570312 510.935485839844 504.000396728516 506.223205566406 511.202392578125 518.265930175781 528.130676269531 532.293212890625 531.440490722656 523.926818847656 522.089294433594 518.610473632812 507.716094970703 502.935791015625 500.908111572266 500.856597900391 497.127685546875 491.784210205078 486.659698486328 489.815307617188 501.090301513672 517.634704589844 538.980224609375 555.533874511719 567.783386230469 574.21337890625 575.990783691406 575.936279296875 570.595520019531 521.741577148438 518.6865234375 542.889770507812 530.411315917969 524.373107910156
491.020202636719 490.594299316406 489.305603027344 488.844909667969 491.648986816406 489.419403076172 486.140197753906 483.471893310547 484.899200439453 488.040710449219 492.434906005859 497.481414794922 503.060211181641 507.440490722656 505.213012695312 499.571014404297 497.621307373047 507.741394042969 512.658813476562 512.613586425781 507.782012939453 513.825927734375 522.012329101562 531.300720214844 542.416381835938 545.189025878906 540.978271484375 528.595520019531 524.549926757812 518.992614746094 504.558410644531 501.455688476562 501.215911865234 501.263610839844 492.979705810547 486.030914306641 483.209991455078 494.596710205078 513.222717285156 535.077392578125 556.773681640625 569.071716308594 575.824096679688 576.83642578125 573.169982910156 569.416015625 561.974426269531 512.751770019531 506.910888671875 530.886901855469 540.044616699219 545.672424316406
496.660400390625 500.631011962891 498.202789306641 494.208312988281 493.338989257812 490.100799560547 487.177490234375 486.374298095703 487.884490966797 490.527801513672 494.418914794922 499.23388671875 504.131408691406 508.317504882812 506.356506347656 501.518188476562 498.403411865234 501.958709716797 509.5 515.314880371094 518.054504394531 523.258972167969 531.306274414062 542.127624511719 554.476013183594 556.193298339844 549.822875976562 534.362915039062 525.940185546875 517.316223144531 503.344696044922 503.442504882812 503.623504638672 501.194091796875 487.618499755859 481.839508056641 484.188690185547 506.25390625 532.775329589844 558.447998046875 573.15087890625 577.209716796875 578.512817382812 579.894897460938 570.919799804688 563.850891113281 558.544189453125 530.557983398438 518.724182128906 521.606628417969 559.053771972656 576.703674316406
501.514495849609 504.040985107422 504.986114501953 504.550811767578 502.100891113281 498.454498291016 495.674987792969 494.788299560547 492.954315185547 492.349487304688 493.104614257812 493.813201904297 495.858612060547 498.753204345703 501.527313232422 501.88330078125 502.345611572266 505.346313476562 510.714904785156 518.973327636719 530.430297851562 533.948425292969 540.200378417969 549.761413574219 560.733520507812 562.224426269531 556.270812988281 542.205017089844 526.873901367188 513.034912109375 503.457092285156 504.530609130859 501.760894775391 491.894409179688 482.979400634766 488.959899902344 507.444488525391 529.650512695312 551.974609375 571.23388671875 580.034729003906 588.152282714844 590.203430175781 581.250122070312 573.74462890625 573.915588378906 581.046569824219 567.214782714844 573.314575195312 592.083618164062 599.105407714844 586.591979980469
503.327697753906 501.571502685547 502.551513671875 503.985595703125 503.343811035156 501.719787597656 499.719512939453 497.578704833984 496.612915039062 496.699493408203 497.607208251953 497.850891113281 498.593414306641 500.397613525391 505.22509765625 505.589904785156 505.657012939453 509.202087402344 510.950714111328 517.616088867188 531.297790527344 535.926574707031 541.222412109375 549.009521484375 562.538330078125 563.986572265625 556.996520996094 544.722778320312 528.620178222656 513.483520507812 503.41259765625 500.795104980469 495.826293945312 486.334289550781 480.631805419922 492.471313476562 518.484985351562 546.25341796875 566.513488769531 582.383728027344 595.845520019531 598.983825683594 598.450500488281 596.345581054688 592.676574707031 598.855590820312 613.301025390625 598.332092285156 587.822326660156 582.223876953125 576.968383789062 564.296875
502.523712158203 497.310211181641 497.715911865234 500.011993408203 500.832092285156 500.855712890625 499.691986083984 496.897888183594 497.881195068359 499.342895507812 500.851196289062 501.746612548828 502.306884765625 503.415008544922 507.980407714844 506.307312011719 504.497406005859 508.010009765625 510.191802978516 515.958923339844 527.097290039062 533.356811523438 539.267272949219 546.13720703125 561.346984863281 561.711608886719 553.179321289062 542.867797851562 528.217529296875 513.783386230469 502.767395019531 495.897888183594 489.288391113281 482.600311279297 482.885711669922 498.985595703125 527.789672851562 558.760314941406 579.04248046875 594.609924316406 611.839721679688 608.611572265625 606.664672851562 617.00341796875 619.243530273438 628.691284179688 644.347290039062 613.981018066406 581.432312011719 552.620971679688 546.240600585938 546.1240234375
497.985290527344 495.016906738281 497.219512939453 499.53271484375 496.578796386719 494.800201416016 493.556793212891 493.384613037109 494.156707763672 494.092895507812 493.128692626953 493.605010986328 495.296813964844 497.185913085938 497.519287109375 494.656707763672 491.264892578125 491.292907714844 507.902191162109 519.526672363281 519.82861328125 528.395874023438 538.33837890625 548.891906738281 556.864074707031 552.8837890625 542.75048828125 534.790222167969 520.681884765625 507.844696044922 501.973510742188 493.535888671875 485.93310546875 480.691711425781 495.566101074219 518.727783203125 547.185485839844 567.92578125 591.45361328125 611.787414550781 616.527587890625 615.147827148438 619.170288085938 636.672912597656 648.370727539062 654.82958984375 653.270385742188 592.257629394531 565.677795410156 564.450927734375 566.996826171875 578.103271484375
501.939300537109 501.081512451172 504.019592285156 506.582000732422 503.331909179688 500.449798583984 498.992614746094 499.720886230469 499.825805664062 500.335601806641 501.188110351562 500.7421875 499.543487548828 498.902008056641 502.565307617188 499.686492919922 495.542602539062 494.739013671875 504.110412597656 512.580505371094 516.9033203125 526.068420410156 536.964294433594 547.770080566406 550.763671875 542.860290527344 530.125793457031 521.476013183594 512.400024414062 504.430786132812 499.195495605469 493.455993652344 488.360290527344 485.934997558594 502.174407958984 527.81591796875 558.54541015625 582.943420410156 603.120910644531 617.162719726562 617.507629394531 628.230773925781 645.001281738281 667.528381347656 686.477783203125 676.768127441406 633.580871582031 576.358093261719 570.212829589844 597.648071289062 609.758728027344 629.786315917969
509.220397949219 510.30029296875 514.81640625 518.933715820312 517.556274414062 514.45947265625 511.851104736328 510.772491455078 510.2958984375 511.488311767578 513.945129394531 512.832275390625 507.687591552734 502.275604248047 507.398498535156 506.446807861328 503.999206542969 503.642700195312 504.215789794922 507.443603515625 514.380187988281 523.728271484375 534.361022949219 544.247802734375 540.893371582031 530.736572265625 518.301574707031 510.978912353516 507.605285644531 504.886810302734 500.875091552734 497.625396728516 493.462097167969 489.378112792969 505.31298828125 532.797119140625 567.598510742188 597.069580078125 612.007873535156 618.195190429688 618.522094726562 641.441528320312 667.245910644531 686.812316894531 690.283996582031 666.845825195312 616.10400390625 573.991088867188 585.243408203125 628.173278808594 641.493408203125 678.260375976562
518.763488769531 521.594482421875 529.252685546875 537.111572265625 539.905395507812 537.062622070312 532.180419921875 525.630798339844 524.357788085938 525.536071777344 528.617370605469 526.678771972656 517.485473632812 505.558013916016 506.171905517578 509.169708251953 512.529174804688 514.891174316406 510.954986572266 509.263214111328 511.507385253906 520.355285644531 530.033081054688 538.110717773438 525.94091796875 516.463684082031 508.991790771484 507.276885986328 508.877105712891 510.553985595703 510.511108398438 507.159606933594 500.1875 488.499786376953 505.252502441406 535.485412597656 575.244018554688 607.155517578125 616.329223632812 616.301574707031 621.672424316406 652.390930175781 677.740112304688 683.640319824219 635.82958984375 609.427185058594 609.45068359375 593.288818359375 612.501586914062 646.331604003906 648.566528320312 714.391174316406
528.268981933594 534.773376464844 545.197021484375 554.60498046875 556.201110839844 553.553771972656 545.554016113281 530.953430175781 528.114074707031 528.673522949219 530.811889648438 530.357177734375 525.177673339844 517.573425292969 512.47412109375 513.114685058594 515.4375 516.429870605469 510.236602783203 507.007904052734 510.521514892578 517.993408203125 528.070007324219 537.087524414062 524.606018066406 516.452026367188 512.166015625 511.219604492188 510.219787597656 509.455688476562 509.120910644531 503.962005615234 495.854187011719 487.406402587891 507.431793212891 540.041870117188 579.068481445312 607.461975097656 615.857482910156 620.77392578125 645.851684570312 667.781982421875 669.459777832031 635.519897460938 619.677673339844 621.97998046875 640.830017089844 650.2333984375 697.698181152344 754.943420410156 723.127685546875 769.695617675781
541.184387207031 551.793273925781 563.226928710938 571.924682617188 571.846801757812 565.879272460938 554.202209472656 536.041870117188 530.133911132812 529.059875488281 531.031311035156 530.982177734375 528.491821289062 524.021484375 517.486694335938 515.826782226562 516.104187011719 516.442626953125 510.542205810547 507.975402832031 512.232971191406 517.90478515625 528.07861328125 538.910827636719 526.239318847656 517.001220703125 511.809509277344 512.324584960938 510.739288330078 508.895294189453 507.755706787109 498.665496826172 491.105285644531 489.468994140625 512.572082519531 544.063781738281 578.972595214844 604.07421875 619.308410644531 632.960815429688 656.635070800781 660.337829589844 648.323120117188 618.467407226562 625.483581542969 646.390319824219 675.828125 697.104919433594 762.60400390625 845.265686035156 854.866516113281 846.242370605469
557.149291992188 571.799682617188 581.94189453125 588.304077148438 586.86767578125 575.02587890625 559.679382324219 541.97607421875 533.144592285156 529.93359375 531.112426757812 531.70751953125 529.276794433594 524.710571289062 520.364379882812 517.855773925781 516.144470214844 515.730224609375 512.376708984375 511.917999267578 516.608825683594 519.637390136719 530.023986816406 543.859313964844 529.606384277344 516.774719238281 507.390106201172 509.920989990234 510.378601074219 509.64111328125 507.604400634766 493.829803466797 487.908294677734 495.252288818359 519.444580078125 546.455688476562 574.910583496094 598.108215332031 625.823181152344 650.131774902344 650.937927246094 631.721374511719 619.732971191406 633.221374511719 650.352783203125 677.182312011719 712.461486816406 729.079772949219 797.977478027344 907.504028320312 1031.5810546875 954.11767578125
