Variables/MIS4/mprec.asc
NCOLS 258 
NROWS 132 
XLLCORNER -10.933275447 
YLLCORNER 36.059072361 
CELLSIZE 0.11561 
NODATA_value -9999 
[rows 69 to 91 of 132, columns 0 to 51 of 258]
-9999 -9999 -9999 -9999 -9999 -9999 -9999 -9999 -9999 -9999 -9999 -9999 -9999 -9999 -9999 614.44091796875 514.252380371094 710.715026855469 842.240417480469 983.546325683594 985.3955078125 986.775512695312 984.426391601562 971.026794433594 1006.86297607422 1031.65295410156 1022.69396972656 1016.00897216797 1011.57000732422 1006.86999511719 984.152587890625 962.088928222656 942.127014160156 927.266479492188 913.965515136719 898.674011230469 877.514770507812 858.902221679688 841.134216308594 825.448181152344 832.519775390625 833.630615234375 828.644287109375 828.710388183594 808.544616699219 784.676574707031 786.001281738281 781.643920898438 780.751708984375 789.634399414062 781.295288085938 797.66748046875
-9999 -9999 -9999 -9999 -9999 -9999 -9999 -9999 -9999 -9999 -9999 -9999 -9999 -9999 703.104919433594 683.470275878906 987.956481933594 1057.90600585938 1060.42504882812 1030.9599609375 1030.14001464844 1026.96398925781 1019.38702392578 1003.83898925781 1012.68103027344 1015.31500244141 999.721374511719 985.807678222656 974.449584960938 964.54052734375 948.347229003906 941.669311523438 943.605590820312 956.094482421875 944.0615234375 928.541381835938 924.191223144531 890.912780761719 871.700378417969 879.801879882812 886.085388183594 891.255676269531 891.729614257812 868.464782714844 837.8076171875 813.743713378906 824.864196777344 841.931274414062 857.231018066406 864.555114746094 845.908996582031 860.366516113281
-9999 -9999 -9999 -9999 -9999 -9999 -9999 -9999 -9999 -9999 -9999 -9999 -9999 -9999 713.617614746094 824.670471191406 1070.89404296875 1104.64794921875 1092.16198730469 1058.67700195312 1050.58898925781 1036.63500976562 1024.70495605469 1020.42498779297 1007.14697265625 991.72412109375 974.206481933594 950.02099609375 930.713073730469 916.369323730469 908.550476074219 914.026977539062 928.031616210938 946.651672363281 945.584594726562 952.464172363281 993.422485351562 950.743530273438 935.1162109375 976.859313964844 974.880981445312 980.697082519531 988.661071777344 930.90087890625 887.517395019531 864.535217285156 891.540588378906 933.581787109375 964.925170898438 956.323974609375 920.726379394531 916.734985351562
-9999 -9999 -9999 -9999 -9999 -9999 -9999 -9999 -9999 -9999 -9999 -9999 -9999 -9999 715.189880371094 799.684326171875 1055.21899414062 1078.11999511719 1051.42700195312 1007.74798583984 1013.54699707031 1017.31201171875 1016.78399658203 1007.32800292969 994.650817871094 977.168823242188 953.286926269531 928.829772949219 910.546997070312 899.557922363281 899.362121582031 905.63623046875 915.258483886719 923.319885253906 943.402587890625 978.433471679688 1038.29797363281 1037.70300292969 1017.15100097656 984.629516601562 979.748107910156 987.499572753906 999.008972167969 970.98876953125 937.068908691406 908.505981445312 909.720092773438 940.951171875 962.945129394531 949.084411621094 933.001220703125 903.654479980469
-9999 -9999 -9999 -9999 -9999 -9999 -9999 -9999 -9999 -9999 -9999 -9999 -9999 -9999 -9999 725.984375 965.758911132812 1025.44299316406 1017.14099121094 981.9130859375 989.138488769531 998.30517578125 1004.44299316406 1001.35797119141 984.596374511719 963.786193847656 941.456176757812 915.577392578125 897.100280761719 888.315124511719 893.342224121094 912.982604980469 937.358276367188 947.652282714844 974.728820800781 1000.48297119141 1008.30999755859 989.320373535156 967.383728027344 948.616821289062 927.4951171875 921.336608886719 923.421569824219 896.845581054688 875.9619140625 862.22900390625 860.990295410156 883.541076660156 899.851806640625 889.439880371094 879.163024902344 849.918884277344
-9999 -9999 -9999 -9999 -9999 -9999 -9999 -9999 -9999 -9999 -9999 -9999 -9999 -9999 -9999 700.610412597656 877.54052734375 966.244689941406 983.330688476562 959.93017578125 974.111328125 987.733581542969 998.566589355469 1003.20397949219 979.931518554688 956.091186523438 939.967712402344 906.9873046875 885.674011230469 878.828674316406 887.683227539062 920.338684082031 962.873779296875 986.190673828125 1002.77197265625 996.238891601562 939.643920898438 889.897277832031 870.080810546875 888.312316894531 853.883911132812 831.889221191406 821.132019042969 793.06201171875 783.313598632812 784.254028320312 790.835083007812 809.069396972656 822.22412109375 819.005187988281 810.233825683594 791.893615722656
-9999 -9999 -9999 -9999 -9999 -9999 -9999 -9999 -9999 -9999 -9999 -9999 -9999 -9999 -9999 702.615478515625 832.410522460938 920.460571289062 939.730529785156 923.367980957031 969.823181152344 1000.41101074219 1017.92901611328 1016.86499023438 987.728576660156 964.185729980469 957.120178222656 902.27978515625 872.222106933594 870.689697265625 879.589416503906 907.675109863281 950.160400390625 1004.12200927734 976.378723144531 917.824401855469 850.073974609375 819.67431640625 806.742309570312 812.526916503906 790.008728027344 766.908874511719 747.5498046875 752.163513183594 742.7451171875 732.240295410156 746.815795898438 765.577392578125 780.594421386719 786.622619628906 781.385070800781 773.024719238281
-9999 -9999 -9999 -9999 -9999 -9999 -9999 -9999 -9999 -9999 -9999 -9999 -9999 -9999 -9999 -9999 -9999 877.173217773438 921.798583984375 940.753112792969 971.740478515625 1003.21502685547 1024.19396972656 1016.73400878906 987.786071777344 960.449829101562 941.206176757812 889.031982421875 859.779174804688 859.174682617188 872.441223144531 889.143920898438 909.875427246094 940.153198242188 920.347717285156 885.684387207031 858.265625 861.747375488281 864.697814941406 854.346374511719 796.243896484375 747.7119140625 717.188903808594 719.436096191406 715.049987792969 709.046020507812 712.254211425781 735.029418945312 757.522216796875 767.047973632812 759.199829101562 751.492004394531
-9999 -9999 -9999 -9999 -9999 -9999 -9999 -9999 -9999 -9999 -9999 -9999 -9999 -9999 -9999 -9999 -9999 859.101623535156 913.022521972656 960.56787109375 973.642700195312 1002.64099121094 1025.42895507812 1013.84197998047 984.376403808594 953.897521972656 926.856506347656 878.460815429688 853.647521972656 858.215026855469 896.95947265625 912.215576171875 910.043212890625 897.439514160156 904.988708496094 918.836975097656 930.950012207031 933.298217773438 920.833801269531 887.467895507812 810.100219726562 744.779479980469 699.347412109375 698.685974121094 696.824401855469 692.461181640625 683.333984375 711.465515136719 739.966491699219 747.312316894531 737.270324707031 729.065673828125
-9999 -9999 -9999 -9999 -9999 -9999 -9999 -9999 -9999 -9999 -9999 -9999 -9999 -9999 -9999 -9999 -9999 852.340393066406 909.932983398438 966.167785644531 972.927001953125 999.418273925781 1022.4990234375 1009.98602294922 980.378173828125 949.593017578125 923.301574707031 876.827026367188 857.736877441406 875.61279296875 970.86328125 1001.57598876953 989.893127441406 922.840515136719 969.809875488281 1042.14404296875 1079.47497558594 999.36328125 920.558898925781 851.601684570312 805.5615234375 748.538879394531 688.325012207031 694.736572265625 688.833312988281 676.343383789062 661.422119140625 694.219421386719 723.836669921875 720.304321289062 713.348388671875 706.617980957031
-9999 -9999 -9999 -9999 -9999 -9999 -9999 -9999 -9999 -9999 -9999 -9999 -9999 -9999 -9999 -9999 -9999 838.275207519531 925.233703613281 998.364379882812 967.592590332031 976.327880859375 996.071411132812 999.867126464844 1012.00799560547 1000.00402832031 947.443420410156 889.8154296875 858.249694824219 861.450805664062 928.734008789062 958.170104980469 958.047790527344 939.027770996094 994.18017578125 1044.73999023438 1022.09497070312 926.633605957031 839.837890625 786.262329101562 754.8095703125 718.593322753906 681.661682128906 677.493774414062 672.408386230469 666.722778320312 662.977905273438 675.509582519531 689.334106445312 695.94091796875 696.400573730469 692.607604980469
-9999 -9999 -9999 -9999 -9999 -9999 -9999 -9999 -9999 -9999 -9999 -9999 -9999 -9999 -9999 731.469421386719 -9999 820.39892578125 921.722290039062 1006.32000732422 983.467224121094 983.099609375 994.426391601562 1010.22698974609 1026.43395996094 1021.71997070312 983.432189941406 925.746887207031 878.405090332031 850.210021972656 873.810974121094 893.183471679688 907.550415039062 918.241027832031 958.484191894531 982.650695800781 943.846618652344 855.068176269531 783.131103515625 748.408020019531 722.052917480469 697.102172851562 675.114990234375 668.666076660156 663.008178710938 657.888916015625 654.276306152344 656.437683105469 663.079772949219 675.07568359375 679.639282226562 678.517822265625
-9999 -9999 -9999 -9999 -9999 -9999 -9999 -9999 -9999 -9999 -9999 -9999 -9999 -9999 -9999 737.806030273438 -9999 804.700012207031 898.01611328125 987.343688964844 1016.09197998047 1016.25402832031 1017.32202148438 1038.65795898438 1019.06298828125 1009.90899658203 1029.26098632812 977.210693359375 914.537719726562 846.485412597656 823.783996582031 830.048889160156 848.978576660156 860.925598144531 872.517395019531 873.886474609375 860.830383300781 807.426025390625 763.223815917969 744.247314453125 713.286682128906 688.031494140625 670.144104003906 668.965393066406 661.094909667969 649.337524414062 634.38623046875 639.046813964844 648.191528320312 657.902770996094 662.987121582031 664.248718261719
-9999 -9999 -9999 -9999 -9999 -9999 -9999 -9999 -9999 -9999 -9999 -9999 -9999 -9999 -9999 -9999 -9999 794.853515625 891.827575683594 987.339782714844 984.292297363281 988.0625 996.113220214844 1006.86297607422 1022.82702636719 1030.14697265625 1020.57098388672 973.948120117188 907.663391113281 832.457214355469 811.469482421875 808.429870605469 814.219177246094 817.220520019531 838.96630859375 848.156127929688 812.685424804688 781.36376953125 754.843688964844 732.92431640625 695.112670898438 669.334289550781 656.867492675781 656.620422363281 650.420227050781 641.663696289062 635.556884765625 635.939086914062 639.014221191406 643.877502441406 653.625610351562 658.875122070312
-9999 -9999 -9999 -9999 -9999 -9999 -9999 -9999 -9999 -9999 -9999 -9999 -9999 -9999 -9999 -9999 -9999 788.865295410156 876.554321289062 962.769226074219 960.525329589844 962.57861328125 969.559387207031 982.852416992188 1004.45397949219 1012.94201660156 995.7197265625 940.140625 873.812194824219 808.22509765625 790.42138671875 776.904724121094 769.794311523438 784.385314941406 810.312622070312 821.158508300781 787.806213378906 763.560729980469 743.087524414062 723.548522949219 681.862915039062 654.145874023438 642.149475097656 640.797912597656 639.507019042969 639.822021484375 646.444885253906 641.354919433594 635.189880371094 634.160095214844 640.091125488281 643.914978027344
-9999 -9999 -9999 -9999 -9999 -9999 -9999 -9999 -9999 -9999 -9999 -9999 -9999 -9999 -9999 -9999 -9999 785.02978515625 852.361022949219 926.245971679688 944.065612792969 944.883972167969 945.717224121094 967.097229003906 976.291320800781 974.985595703125 961.635070800781 895.458923339844 833.010681152344 780.598022460938 763.45068359375 740.210083007812 723.629699707031 755.432373046875 779.690185546875 790.442016601562 774.060729980469 750.596130371094 730.765930175781 716.5380859375 673.923706054688 645.197021484375 630.604125976562 628.623779296875 631.585327148438 639.643981933594 658.56201171875 647.331970214844 632.583129882812 626.234069824219 624.809814453125 624.503112792969
-9999 -9999 -9999 -9999 -9999 -9999 -9999 -9999 -9999 -9999 -9999 -9999 -9999 -9999 -9999 -9999 -9999 782.884704589844 831.831787109375 894.212829589844 930.777099609375 941.695983886719 947.05322265625 965.552124023438 969.487670898438 957.337829589844 924.656005859375 880.681579589844 831.221618652344 778.798828125 740.387329101562 716.246826171875 704.929626464844 712.873718261719 737.029174804688 754.999816894531 745.466674804688 739.327270507812 727.479125976562 706.369873046875 673.95947265625 651.919128417969 641.047973632812 642.383972167969 635.420593261719 630.034790039062 646.808227539062 634.955505371094 620.145812988281 616.002014160156 614.91259765625 614.27197265625
-9999 -9999 -9999 -9999 -9999 -9999 -9999 -9999 -9999 -9999 -9999 -9999 -9999 -9999 -9999 -9999 -9999 783.313720703125 818.991821289062 879.455383300781 925.536071777344 948.619812011719 960.126708984375 965.46142578125 964.197021484375 952.551818847656 924.580871582031 856.262512207031 797.731079101562 755.705688476562 726.407287597656 709.055603027344 699.696594238281 695.248596191406 717.789611816406 739.984802246094 739.138488769531 733.872802734375 722.835815429688 704.672973632812 682.699584960938 666.437622070312 656.116027832031 649.902709960938 640.287170410156 634.43212890625 648.143615722656 636.38720703125 622.63232421875 620.161682128906 616.262573242188 613.258483886719
-9999 -9999 -9999 -9999 -9999 -9999 -9999 -9999 -9999 -9999 -9999 -9999 -9999 -9999 -9999 -9999 -9999 -9999 810.876770019531 871.484313964844 919.19921875 950.18310546875 966.799987792969 963.389282226562 959.9072265625 951.867614746094 934.053405761719 837.2255859375 767.312683105469 733.340087890625 720.144470214844 708.538696289062 697.6240234375 687.086303710938 709.266174316406 733.842407226562 737.387573242188 728.362670898438 716.834411621094 704.745483398438 692.026000976562 680.273376464844 668.989074707031 654.713928222656 644.97119140625 641.885498046875 654.578186035156 644.126770019531 630.686584472656 624.558471679688 617.565002441406 612.650390625
-9999 -9999 -9999 -9999 -9999 -9999 -9999 -9999 -9999 -9999 -9999 -9999 -9999 -9999 -9999 -9999 -9999 791.782470703125 808.022399902344 862.54541015625 902.869873046875 930.302490234375 947.291870117188 954.351623535156 957.220520019531 949.672485351562 927.084228515625 841.260009765625 774.500671386719 733.692504882812 724.49560546875 709.271728515625 691.434875488281 679.588623046875 705.027282714844 730.588806152344 725.857116699219 717.463500976562 708.871276855469 700.929870605469 694.887817382812 685.512878417969 673.018005371094 658.793579101562 648.666015625 645.22412109375 660.190795898438 653.671203613281 638.501281738281 615.880798339844 608.875305175781 604.95947265625
-9999 -9999 -9999 -9999 -9999 -9999 -9999 -9999 -9999 -9999 -9999 -9999 -9999 -9999 -9999 -9999 -9999 799.802429199219 821.873474121094 857.296081542969 893.133483886719 934.486877441406 966.0009765625 965.363220214844 962.873779296875 955.969604492188 940.409912109375 885.491027832031 816.491394042969 746.830078125 738.316223144531 716.381286621094 688.461120605469 677.269104003906 698.352172851562 719.8779296875 716.119384765625 708.315673828125 702.830383300781 701.35498046875 695.961486816406 689.056579589844 680.499572753906 667.693420410156 659.618225097656 654.873229980469 652.818481445312 642.418273925781 629.744018554688 617.8466796875 615.015075683594 612.425903320312
-9999 -9999 -9999 -9999 -9999 -9999 -9999 -9999 -9999 -9999 -9999 -9999 -9999 -9999 -9999 -9999 -9999 810.542724609375 837.7001953125 851.513427734375 873.696716308594 928.30908203125 976.658630371094 973.03857421875 963.932800292969 952.368408203125 937.742370605469 900.653076171875 834.655517578125 751.192016601562 737.766906738281 713.000305175781 684.164916992188 674.517211914062 691.0029296875 708.979187011719 709.196716308594 702.008911132812 697.745971679688 699.027587890625 694.278869628906 690.229614257812 686.810485839844 680.55126953125 678.257690429688 674.435424804688 657.333618164062 639.478515625 625.769592285156 621.067687988281 625.588928222656 626.525024414062
-9999 -9999 -9999 -9999 -9999 -9999 -9999 -9999 -9999 -9999 -9999 -9999 -9999 -9999 -9999 -9999 -9999 824.727600097656 850.478881835938 843.607421875 839.752990722656 900.239013671875 964.691772460938 970.604370117188 956.037170410156 932.978698730469 901.383972167969 864.194580078125 809.487976074219 743.040710449219 714.900817871094 693.927307128906 678.012084960938 671.114013671875 685.190612792969 700.278991699219 705.76708984375 698.778625488281 693.287475585938 691.62548828125 690.845886230469 690.655883789062 690.347900390625 697.5166015625 703.875671386719 705.725524902344 681.592224121094 655.702575683594 634.705810546875 624.258728027344 639.517883300781 646.183227539062
