Variables/MIS4/npp.asc
NCOLS 258 
NROWS 132 
XLLCORNER -10.933275447 
YLLCORNER 36.059072361 
CELLSIZE 0.11561 
NODATA_value -9999 
[rows 23 to 45 of 132, columns 156 to 207 of 258]
446.443298339844 442.663208007812 445.927612304688 451.268310546875 457.042999267578 453.818389892578 459.603698730469 473.954406738281 475.298400878906 484.774200439453 495.174591064453 484.960296630859 475.933013916016 465.638000488281 451.399810791016 455.443786621094 460.979614257812 463.568115234375 463.115112304688 467.14599609375 476.341003417969 492.424591064453 506.682586669922 515.693725585938 509.192504882812 503.954803466797 497.000610351562 485.993591308594 495.949188232422 495.879791259766 480.952606201172 492.252685546875 489.993713378906 478.917907714844 488.155212402344 493.043395996094 495.89111328125 499.281097412109 499.006286621094 496.126098632812 490.220489501953 485.261688232422 485.553802490234 490.931884765625 489.674194335938 492.959991455078 497.261505126953 489.328308105469 496.664794921875 502.374206542969 487.117797851562 480.186492919922
447.993896484375 443.494598388672 450.2958984375 456.388488769531 456.880004882812 458.239288330078 469.067901611328 487.301910400391 491.157287597656 498.405212402344 506.312408447266 505.627685546875 490.174591064453 471.245910644531 457.203399658203 457.582489013672 461.262390136719 465.789886474609 475.909912109375 484.439514160156 491.041595458984 498.032409667969 509.352600097656 517.337707519531 505.125091552734 494.291687011719 486.538208007812 484.661895751953 493.785400390625 493.497497558594 480.829986572266 488.748199462891 485.381286621094 476.031402587891 490.754913330078 495.487396240234 497.345794677734 506.161285400391 505.488189697266 502.856109619141 501.163604736328 496.917114257812 495.470489501953 496.866485595703 492.192199707031 494.453094482422 500.428588867188 500.148284912109 504.746490478516 506.913513183594 497.106109619141 486.768707275391
447.394805908203 444.458312988281 456.128204345703 461.821807861328 452.699890136719 462.0078125 478.932312011719 500.504302978516 505.926391601562 507.685699462891 509.476501464844 520.30322265625 505.283203125 484.321899414062 471.420013427734 468.993011474609 470.267486572266 474.997589111328 492.389495849609 503.790710449219 507.902404785156 499.549499511719 505.148406982422 513.201477050781 501.11669921875 484.748413085938 475.758911132812 485.836608886719 490.494995117188 490.187194824219 485.014587402344 487.434295654297 481.573394775391 472.808990478516 493.512786865234 499.697692871094 501.666412353516 512.333190917969 511.458312988281 509.476287841797 510.520385742188 509.157196044922 505.774597167969 500.254211425781 492.560089111328 494.568786621094 502.751190185547 508.938812255859 507.659393310547 504.896087646484 505.003204345703 496.762512207031
443.467712402344 447.497985839844 452.599212646484 456.963806152344 460.134613037109 481.750610351562 494.386810302734 496.550109863281 499.992492675781 505.406402587891 512.432983398438 521.557922363281 514.337280273438 503.089385986328 495.846313476562 492.847686767578 489.512298583984 484.455810546875 488.568206787109 490.483489990234 489.526611328125 486.190185546875 494.315887451172 505.002014160156 502.188293457031 492.498199462891 485.871612548828 490.005889892578 493.984405517578 494.282287597656 490.425598144531 498.761199951172 495.752197265625 486.2958984375 495.856506347656 504.493408203125 510.941711425781 510.931213378906 513.070922851562 513.723876953125 510.607299804688 507.758087158203 502.352111816406 494.632507324219 495.360412597656 501.68310546875 507.948699951172 492.284210205078 490.709686279297 492.271087646484 487.971496582031 492.423400878906
450.842407226562 451.280487060547 449.248809814453 450.819610595703 459.779296875 478.175903320312 489.995086669922 494.711700439453 504.788787841797 507.46630859375 507.619293212891 517.618591308594 511.184906005859 501.858001708984 500.171813964844 498.836212158203 495.398986816406 489.132690429688 487.183013916016 484.952514648438 482.21728515625 480.625885009766 489.145812988281 500.0625 499.960693359375 497.844909667969 493.825500488281 487.314910888672 487.631805419922 488.52978515625 488.714385986328 489.740203857422 489.892303466797 490.308197021484 496.348785400391 496.803802490234 496.509704589844 502.480712890625 511.928497314453 515.796325683594 508.235198974609 507.834411621094 503.058898925781 493.26708984375 492.701293945312 496.873809814453 501.031890869141 492.146789550781 487.764312744141 487.728485107422 494.143402099609 497.967102050781
460.324096679688 452.086608886719 447.426086425781 449.796203613281 462.22021484375 474.514801025391 485.482604980469 495.359405517578 507.266906738281 507.494506835938 503.043090820312 511.101715087891 505.148101806641 497.414611816406 497.654693603516 496.445709228516 493.360504150391 487.873291015625 481.150512695312 478.259887695312 479.006195068359 480.522399902344 489.460693359375 499.481506347656 498.431213378906 501.151611328125 498.965393066406 484.239685058594 482.222198486328 483.015686035156 484.593200683594 481.617889404297 482.547302246094 487.297088623047 495.489013671875 488.658111572266 480.626098632812 491.627105712891 507.793212890625 515.866027832031 507.162292480469 507.187805175781 503.878295898438 496.153900146484 494.3955078125 495.210998535156 497.358184814453 498.396301269531 493.958801269531 492.88330078125 506.728088378906 505.058502197266
467.622497558594 446.563690185547 448.465393066406 459.058197021484 476.394500732422 483.461090087891 491.581787109375 500.794494628906 499.770599365234 501.384002685547 503.826812744141 502.347686767578 500.314208984375 497.558013916016 493.050811767578 488.347290039062 483.659912109375 479.099914550781 465.448211669922 465.531402587891 477.850799560547 486.322601318359 496.629211425781 504.945404052734 500.066589355469 502.360687255859 500.065612792969 484.617401123047 484.435302734375 483.515106201172 480.023803710938 486.276885986328 483.595397949219 476.668914794922 493.033508300781 486.714202880859 475.055786132812 480.29541015625 499.741302490234 513.0908203125 510.830993652344 504.178588867188 502.730010986328 506.543212890625 507.369506835938 506.398590087891 504.761108398438 507.720397949219 509.405212402344 512.290588378906 518.972412109375 509.476013183594
465.303314208984 449.135894775391 451.240295410156 460.502288818359 474.163299560547 487.147491455078 492.297485351562 491.420684814453 503.865112304688 500.823394775391 490.364410400391 492.080505371094 491.788208007812 490.936492919922 490.547393798828 485.2958984375 480.863800048828 478.412902832031 466.932495117188 468.478210449219 480.536010742188 479.15380859375 494.151092529297 512.722717285156 510.785095214844 511.749389648438 509.850891113281 500.033111572266 493.407196044922 488.3828125 485.131500244141 486.670288085938 483.018493652344 477.940795898438 489.903991699219 484.500610351562 476.335998535156 486.21630859375 497.775207519531 502.289001464844 493.817504882812 497.917694091797 505.137786865234 513.444091796875 519.181213378906 519.548400878906 515.210815429688 505.186096191406 520.508178710938 535.239196777344 520.991821289062 513.453186035156
471.957885742188 463.306213378906 463.322998046875 467.399597167969 475.177307128906 492.0380859375 495.869598388672 488.106414794922 500.974792480469 496.098114013672 483.573303222656 489.529907226562 487.332397460938 483.285308837891 482.082397460938 479.482696533203 478.268188476562 479.094085693359 474.264312744141 475.890411376953 483.014587402344 484.618988037109 497.457214355469 512.927001953125 515.168273925781 516.50927734375 516.501281738281 513.907104492188 501.608795166016 489.950408935547 481.750213623047 480.615509033203 474.45361328125 466.895812988281 477.067413330078 475.177886962891 471.584808349609 481.462493896484 489.092498779297 488.978698730469 476.587188720703 481.669708251953 498.916595458984 525.323425292969 537.186218261719 538.914489746094 530.706604003906 504.173400878906 516.133483886719 530.501586914062 509.639312744141 504.057800292969
489.447692871094 488.660400390625 483.697814941406 481.150604248047 480.463409423828 497.956695556641 502.077606201172 492.716796875 488.688507080078 485.969512939453 485.865386962891 495.078704833984 487.802795410156 476.317199707031 467.419097900391 471.353088378906 474.877593994141 478.954895019531 482.815704345703 483.454711914062 483.004089355469 504.306488037109 508.092102050781 504.773284912109 511.293212890625 511.5244140625 513.946228027344 523.019775390625 499.93798828125 480.027496337891 465.645599365234 463.011413574219 452.670288085938 439.307006835938 448.246612548828 451.392303466797 455.684387207031 457.456695556641 462.807708740234 468.623107910156 460.918304443359 456.445892333984 482.133209228516 544.101989746094 554.063171386719 555.592529296875 548.668395996094 503.642303466797 493.538909912109 493.613189697266 483.187713623047 477.927703857422
491.877807617188 480.774688720703 483.115997314453 485.468414306641 483.186187744141 490.079803466797 491.173400878906 485.861999511719 484.37939453125 480.571014404297 477.476287841797 484.540313720703 483.433288574219 480.802703857422 481.700988769531 481.081695556641 473.321197509766 457.114410400391 465.481811523438 469.482086181641 470.389190673828 492.027313232422 506.902404785156 515.068115234375 513.512512207031 480.485900878906 455.945190429688 468.126800537109 422.645111083984 394.313903808594 398.599304199219 392.671997070312 389.164093017578 384.222900390625 355.186096191406 368.929107666016 386.357788085938 350.100494384766 355.058685302734 380.831695556641 424.630706787109 451.644500732422 466.363800048828 470.004913330078 472.824005126953 480.595489501953 485.525085449219 458.643402099609 460.629699707031 464.571990966797 442.306884765625 439.25390625
483.655487060547 478.209808349609 478.647888183594 479.511688232422 479.160705566406 486.107788085938 488.6376953125 486.612609863281 490.7958984375 489.003601074219 484.132507324219 483.208190917969 483.6875 485.311004638672 488.253204345703 481.826385498047 468.043212890625 448.268585205078 453.316802978516 454.316101074219 454.061096191406 484.811889648438 496.137512207031 490.102813720703 462.710693359375 413.482696533203 377.035888671875 379.848297119141 329.794708251953 304.071899414062 321.734100341797 348.378204345703 359.814086914062 352.477111816406 309.907287597656 322.680999755859 348.020111083984 329.174194335938 328.162689208984 341.605499267578 372.85400390625 410.438507080078 415.624206542969 387.113494873047 386.8623046875 403.755310058594 424.189086914062 412.717895507812 417.960906982422 426.246887207031 424.100891113281 433.35400390625
470.300811767578 479.401092529297 474.599090576172 470.941192626953 474.220489501953 487.252410888672 492.59228515625 491.202209472656 501.694702148438 503.093597412109 498.564910888672 488.485687255859 487.869689941406 488.745788574219 485.469390869141 469.785186767578 456.226013183594 446.980407714844 440.39208984375 436.081085205078 436.737609863281 472.736907958984 465.696502685547 433.9755859375 382.953887939453 330.723205566406 284.698394775391 259.747406005859 230.544296264648 226.448593139648 252.026000976562 310.123199462891 323.903015136719 308.954315185547 271.877014160156 273.719909667969 307.713409423828 354.446197509766 332.016387939453 307.268188476562 294.231201171875 319.189910888672 315.210296630859 276.548797607422 281.820495605469 304.413787841797 339.172698974609 340.894714355469 337.189300537109 352.523803710938 397.902709960938 424.065795898438
468.847106933594 475.652587890625 480.503814697266 486.351593017578 494.344299316406 496.655303955078 494.249603271484 489.013488769531 496.894714355469 497.064392089844 492.613098144531 490.60888671875 493.663604736328 488.257995605469 458.386810302734 430.980804443359 423.659698486328 441.982299804688 396.707702636719 400.206695556641 442.084503173828 404.951690673828 367.303802490234 341.569213867188 358.185211181641 290.004913330078 188.794097900391 74.8138427734375 133.364898681641 213.837997436523 280.170013427734 189.834197998047 117.462997436523 71.7255401611328 62.8622894287109 64.1432037353516 107.027297973633 269.847900390625 175.218399047852 87.7100372314453 128.33349609375 109.621200561523 85.3580627441406 64.7121124267578 65.2747192382812 70.8212738037109 82.1764831542969 110.184600830078 98.5810928344727 108.447998046875 219.122695922852 275.073089599609
472.020202636719 477.101287841797 485.22119140625 494.685791015625 504.252990722656 500.048309326172 490.025787353516 477.415802001953 474.679992675781 482.730712890625 491.441101074219 476.361785888672 477.912506103516 467.285003662109 412.803802490234 358.363098144531 336.253509521484 354.957794189453 295.504486083984 305.775512695312 375.74609375 377.606201171875 334.157104492188 277.147705078125 252.901992797852 172.626007080078 82.4049072265625 12.9945201873779 53.8354797363281 108.375396728516 145.085800170898 78.9285888671875 28.050350189209 1.22844195365906 0.0644723176956177 0.128831505775452 40.7248382568359 205.152893066406 108.361602783203 11.3540201187134 42.9478187561035 102.648803710938 91.576171875 6.5475378036499 0.281415492296219 27.1459808349609 73.861457824707 127.562599182129 109.335403442383 108.24299621582 229.245407104492 275.234710693359
478.020294189453 484.730987548828 485.377410888672 491.300415039062 507.130798339844 494.522003173828 475.976287841797 454.788696289062 439.471893310547 451.989196777344 464.075805664062 391.963592529297 399.321685791016 399.804595947266 312.81689453125 245.394897460938 225.671600341797 266.081512451172 214.45280456543 234.689498901367 318.6708984375 348.052886962891 291.573791503906 195.565093994141 123.350402832031 50.2585296630859 0.115010596811771 0.0415335111320019 0.348082691431046 0.378731399774551 0.230668306350708 0.0715621933341026 0.0363872312009335 0.00512867607176304 0.0236601401120424 12.264349937439 48.308048248291 143.570999145508 96.2016372680664 42.1786804199219 43.2317314147949 174.699005126953 184.895095825195 52.8984184265137 37.9345092773438 81.6053314208984 159.410293579102 223.610000610352 214.813095092773 213.837493896484 312.064392089844 333.026092529297
486.676696777344 504.254699707031 473.846405029297 463.190002441406 499.018310546875 470.509613037109 440.317291259766 414.009399414062 387.115386962891 381.562805175781 351.845306396484 125.601699829102 169.580993652344 223.328506469727 78.3174362182617 59.1205596923828 115.140800476074 252.659393310547 259.092102050781 298.919097900391 360.953186035156 261.604705810547 141.45849609375 33.0203590393066 19.8693504333496 8.44881629943848 0.0617502890527248 0.077827587723732 0.0899514332413673 0.178823605179787 0.351092785596848 0.113073498010635 0.00883105024695396 0.00907124485820532 0.200581595301628 60.0812110900879 109.542999267578 39.8597717285156 125.880996704102 203.323699951172 199.79150390625 221.32389831543 235.341796875 234.178298950195 182.529403686523 179.710403442383 212.593505859375 241.572204589844 281.765594482422 326.199401855469 362.276397705078 369.643005371094
480.036712646484 448.286804199219 432.095397949219 424.594512939453 424.043914794922 408.117004394531 361.928192138672 285.798004150391 194.865295410156 160.91960144043 142.018295288086 33.0437698364258 65.6769409179688 100.967300415039 19.5309104919434 10.6065797805786 42.0088691711426 106.055000305176 117.073699951172 136.864303588867 158.768402099609 110.221397399902 51.1233100891113 1.59538197517395 0.247379094362259 0.0275037996470928 0.0309506207704544 0.0478154383599758 0.0330991484224796 0.0876179188489914 0.222023695707321 0.202501103281975 0.571750819683075 13.0897397994995 92.0676498413086 150.073501586914 176.541793823242 139.000595092773 191.126800537109 205.474502563477 111.914398193359 101.084602355957 107.847702026367 116.839302062988 98.520393371582 148.823806762695 231.197296142578 237.319107055664 284.536407470703 339.392913818359 368.503692626953 394.556396484375
459.2744140625 395.288909912109 379.956695556641 352.180603027344 288.156890869141 272.386291503906 226.559600830078 143.285797119141 40.6904296875 0.454821795225143 0.221887394785881 0.11261759698391 41.1723403930664 73.8611831665039 51.4333190917969 71.1406173706055 62.7868309020996 5.00416612625122 0.571680784225464 1.17940199375153 2.20005702972412 4.7986102104187 3.16193199157715 0.0265295505523682 0.0211676396429539 0.0164557993412018 0.0144355501979589 0.0204683300107718 0.0240755397826433 0.044040109962225 0.0899091884493828 0.197690293192863 0.93123072385788 21.4554100036621 163.661407470703 228.687393188477 245.746002197266 228.711898803711 200.256698608398 135.751907348633 15.312840461731 27.8730297088623 42.5845489501953 41.8353118896484 62.0328102111816 149.615905761719 258.839111328125 246.527694702148 292.296203613281 355.864898681641 403.148498535156 426.571411132812
421.507598876953 376.517395019531 328.736907958984 236.485000610352 67.4424133300781 49.9405288696289 31.6447696685791 9.18214130401611 9.66796493530273 7.86019277572632 2.38834095001221 4.02269697189331 98.7116928100586 183.02619934082 173.124603271484 248.871597290039 221.036605834961 7.7254638671875 9.13575744628906 10.2339496612549 0.538408994674683 4.41917896270752 2.4289870262146 0.303158491849899 1.59721100330353 6.84719705581665 4.66782379150391 0.429499208927155 3.16750192642212 0.383217006921768 0.00600022403523326 1.75924897193909 3.63358306884766 19.205940246582 169.173797607422 271.322906494141 313.738800048828 230.801696777344 110.847297668457 17.542329788208 0.969725608825684 100.858299255371 151.046401977539 141.161895751953 193.615798950195 255.248092651367 310.881195068359 286.314514160156 334.682189941406 414.460998535156 500.255706787109 472.173095703125
410.729309082031 393.355987548828 374.506195068359 331.141693115234 250.292205810547 199.64079284668 169.630401611328 153.454803466797 113.932601928711 126.595397949219 163.064804077148 156.558395385742 216.554092407227 279.956695556641 293.5830078125 326.194885253906 311.801910400391 225.955902099609 176.018096923828 190.316497802734 234.31640625 113.227699279785 39.5026206970215 18.4922790527344 81.337272644043 128.028594970703 153.304397583008 142.094299316406 62.742488861084 8.30788803100586 3.71060109138489 40.982120513916 58.6394309997559 83.1063232421875 253.087097167969 320.857299804688 316.191711425781 240.053405761719 172.117706298828 130.370895385742 134.125 186.024597167969 245.902206420898 302.567108154297 319.282592773438 344.685485839844 364.989105224609 322.106109619141 369.641815185547 439.184295654297 468.793212890625 465.735992431641
420.373901367188 396.669799804688 324.845001220703 262.139587402344 232.504699707031 196.394393920898 171.269500732422 159.949096679688 165.458801269531 228.715896606445 306.795593261719 294.404602050781 318.093292236328 350.712310791016 371.739593505859 372.127685546875 366.743896484375 356.8203125 315.540588378906 333.448089599609 380.542694091797 247.967102050781 165.025802612305 132.505294799805 169.756195068359 212.494400024414 239.904098510742 229.584197998047 153.677993774414 72.8384170532227 14.9803695678711 127.192802429199 183.64030456543 204.409393310547 336.177886962891 361.673614501953 329.080505371094 275.731109619141 261.638305664062 262.473297119141 272.539886474609 301.582092285156 346.205810546875 399.479309082031 400.832611083984 405.784790039062 409.025695800781 379.940612792969 409.595611572266 449.229400634766 451.81640625 461.779602050781
422.011993408203 367.741912841797 169.413192749023 25.3683605194092 1.023756980896 10.1985301971436 9.03985404968262 8.3381175994873 158.185501098633 299.514892578125 414.349212646484 395.464202880859 389.883697509766 395.117614746094 408.267303466797 398.542999267578 391.858306884766 394.902191162109 398.742492675781 409.434600830078 421.250213623047 388.452697753906 358.968414306641 331.260101318359 262.175506591797 253.762496948242 256.704895019531 256.752410888672 261.280212402344 190.044906616211 20.1639499664307 253.76789855957 355.430786132812 373.239685058594 404.125 390.232604980469 357.612701416016 334.392913818359 349.60888671875 376.385803222656 402.361206054688 430.692687988281 442.807586669922 428.601501464844 435.672912597656 436.375 437.820404052734 451.709289550781 448.606201171875 447.130310058594 456.785308837891 462.210693359375
