Variables/MIS4/npp.asc
NCOLS 258 
NROWS 132 
XLLCORNER -10.933275447 
YLLCORNER 36.059072361 
CELLSIZE 0.11561 
NODATA_value -9999 
[rows 0 to 22 of 132, columns 104 to 155 of 258]
398.25439453125 314.756011962891 299.859100341797 310.400299072266 308.269897460938 359.627288818359 400.007598876953 400.974700927734 400.899993896484 401.216796875 402.239898681641 405.31201171875 409.226196289062 411.806488037109 405.523895263672 406.282806396484 409.507598876953 412.164794921875 409.501190185547 406.633911132812 405.167388916016 408.9462890625 409.341705322266 406.703094482422 408.30810546875 413.365905761719 416.121185302734 402.400695800781 393.351806640625 381.735412597656 361.422790527344 355.095794677734 353.294708251953 354.204895019531 348.589599609375 345.009704589844 344.442291259766 351.238891601562 358.929992675781 365.131011962891 365.012603759766 374.795501708984 389.307586669922 407.622711181641 415.447814941406 418.359191894531 416.792114257812 409.406585693359 401.368194580078 397.999114990234 422.684814453125 421.772888183594
354.669586181641 310.032012939453 302.310302734375 309.197814941406 312.849212646484 364.340087890625 401.748199462891 395.745513916016 400.403411865234 401.103088378906 397.452301025391 403.739898681641 408.601593017578 410.264892578125 404.052185058594 404.996887207031 408.261596679688 410.386505126953 413.447601318359 412.294311523438 405.480407714844 408.699188232422 408.396301269531 405.289215087891 412.344909667969 418.046997070312 419.032897949219 406.587310791016 391.698699951172 375.126495361328 356.640686035156 342.043304443359 334.735595703125 336.582611083984 344.551391601562 344.631988525391 338.748596191406 337.952606201172 348.665588378906 361.310211181641 362.428314208984 374.741790771484 389.865112304688 404.455810546875 420.485290527344 428.935302734375 427.504486083984 417.030212402344 408.274200439453 405.016815185547 420.210601806641 426.037902832031
303.347900390625 302.003601074219 302.212585449219 304.750793457031 312.648284912109 367.111389160156 404.269989013672 394.644012451172 403.706604003906 404.982299804688 397.619293212891 405.3291015625 408.830200195312 408.431396484375 404.019500732422 405.909912109375 408.840515136719 408.462005615234 415.043395996094 414.813201904297 403.39990234375 407.986114501953 409.561798095703 408.261291503906 416.368988037109 419.422088623047 418.335784912109 412.533813476562 395.491485595703 377.751312255859 366.261505126953 346.208312988281 334.791290283203 337.312805175781 356.138214111328 359.960113525391 350.581909179688 338.865112304688 348.064300537109 364.555694580078 371.576995849609 385.52099609375 399.398406982422 410.032196044922 428.677093505859 437.613494873047 433.868499755859 423.174194335938 415.69189453125 411.842102050781 414.866790771484 421.374694824219
291.230804443359 305.156188964844 306.992706298828 304.170104980469 301.643005371094 358.305297851562 403.133392333984 405.660797119141 414.125091552734 415.081298828125 408.706390380859 412.628814697266 413.755310058594 412.235504150391 407.152191162109 409.021514892578 410.881805419922 406.499908447266 410.516693115234 408.924102783203 397.419494628906 402.833587646484 411.164611816406 420.005615234375 413.199188232422 413.723510742188 416.025787353516 409.197692871094 402.386108398438 395.630615234375 389.760894775391 381.050109863281 377.763305664062 381.594512939453 379.754089355469 378.678802490234 377.182495117188 368.561492919922 368.142211914062 375.705688476562 399.795989990234 416.65771484375 429.466186523438 437.623809814453 439.5791015625 437.649993896484 432.016906738281 431.64599609375 432.574798583984 434.289306640625 432.145111083984 417.743804931641
288.585205078125 299.695007324219 302.672302246094 301.746185302734 301.480712890625 358.422698974609 407.006011962891 417.065887451172 423.031188964844 419.572601318359 409.217803955078 416.363311767578 416.912902832031 412.996612548828 411.648284912109 414.701507568359 416.017608642578 409.110412597656 408.456390380859 406.135498046875 400.200805664062 404.819213867188 410.374114990234 414.466888427734 410.532501220703 410.326293945312 412.242095947266 413.381195068359 416.390014648438 415.877685546875 406.526092529297 402.528900146484 402.785095214844 406.956695556641 407.147613525391 406.979187011719 406.693298339844 405.650787353516 406.725494384766 411.75048828125 426.308288574219 439.998596191406 449.238891601562 450.483795166016 448.727996826172 445.234497070312 440.475708007812 437.256408691406 435.32080078125 434.779510498047 437.092407226562 418.336608886719
310.406188964844 318.903015136719 322.079193115234 323.825103759766 328.331604003906 374.646606445312 415.245697021484 428.989196777344 430.93798828125 424.588897705078 413.067504882812 419.278594970703 417.954498291016 412.651092529297 414.340209960938 416.573608398438 416.700012207031 411.191314697266 406.89111328125 403.848907470703 402.634399414062 407.908996582031 409.150390625 406.67138671875 408.707214355469 410.063903808594 411.760406494141 416.591613769531 426.2958984375 430.995513916016 421.496490478516 417.888610839844 418.896789550781 424.609588623047 429.545196533203 431.892211914062 432.897399902344 438.494293212891 441.158111572266 442.738586425781 445.675109863281 455.923004150391 461.703887939453 455.619903564453 454.102905273438 452.936004638672 450.877593994141 442.565490722656 438.0703125 435.342498779297 426.224700927734 418.412994384766
371.254608154297 378.605590820312 379.822113037109 384.276000976562 396.238891601562 410.880493164062 427.644195556641 442.238098144531 436.474487304688 431.542205810547 427.707794189453 422.173004150391 416.767608642578 411.723388671875 413.644287109375 411.978393554688 409.80419921875 411.446105957031 405.349212646484 401.504302978516 403.015808105469 409.6630859375 408.056610107422 399.218994140625 408.320495605469 413.903900146484 416.951110839844 416.064788818359 427.432586669922 437.006408691406 436.239501953125 428.5751953125 427.493408203125 435.857513427734 442.023498535156 447.114501953125 452.289398193359 461.225189208984 460.954010009766 457.296508789062 454.250305175781 462.927612304688 465.939910888672 452.573303222656 453.910491943359 457.564697265625 462.22509765625 448.038513183594 445.471710205078 444.135101318359 396.25048828125 417.066986083984
387.129913330078 386.966186523438 392.618499755859 399.970703125 404.859100341797 412.01611328125 417.052001953125 417.57958984375 417.69140625 420.6005859375 425.747497558594 425.013702392578 423.092407226562 419.521301269531 411.037994384766 416.409912109375 420.857391357422 410.108612060547 406.731414794922 404.802886962891 402.888214111328 403.256103515625 405.585388183594 409.641815185547 414.669311523438 417.823913574219 421.334686279297 430.269714355469 436.160400390625 439.333801269531 438.744598388672 438.709808349609 438.252685546875 437.609985351562 442.860412597656 450.901702880859 459.829406738281 462.898590087891 466.509307861328 468.959808349609 466.378509521484 467.612487792969 463.791412353516 449.135192871094 449.729797363281 453.321502685547 456.276214599609 445.167510986328 440.601409912109 438.356994628906 420.806884765625 431.717010498047
387.154693603516 385.192993164062 389.974212646484 396.4619140625 399.346008300781 403.840301513672 406.712310791016 406.403686523438 410.136810302734 416.319000244141 423.889709472656 426.669403076172 427.483703613281 425.359985351562 415.054809570312 419.360412597656 422.626098632812 409.741394042969 408.545501708984 407.442993164062 403.350402832031 405.9501953125 411.662811279297 419.193786621094 424.042694091797 426.292907714844 428.990692138672 438.614013671875 439.704803466797 439.437408447266 442.218292236328 444.600891113281 445.320892333984 444.265594482422 446.772705078125 452.233306884766 458.930297851562 460.206512451172 464.261199951172 468.536285400391 468.738494873047 466.394714355469 461.365692138672 452.875213623047 451.437805175781 451.342407226562 451.115203857422 446.761688232422 444.693786621094 443.415893554688 436.906494140625 438.501098632812
375.450408935547 379.005706787109 379.751312255859 380.281799316406 386.538391113281 392.540985107422 399.276214599609 409.618103027344 415.656311035156 420.117004394531 422.997802734375 426.528686523438 427.530792236328 427.385986328125 424.136199951172 420.037811279297 415.578002929688 411.398193359375 412.364410400391 410.567504882812 404.528686523438 417.518188476562 424.354309082031 426.597412109375 433.990997314453 437.498596191406 439.225402832031 439.865112304688 437.589202880859 438.159912109375 447.51220703125 446.903015136719 448.503692626953 455.574188232422 453.379211425781 452.303192138672 451.528289794922 456.059295654297 457.38720703125 457.714202880859 462.002014160156 460.278289794922 459.109008789062 463.324188232422 457.096405029297 451.132293701172 445.731109619141 452.284606933594 456.393310546875 457.529205322266 439.845611572266 437.035888671875
372.712890625 377.844512939453 381.350891113281 385.915985107422 395.535186767578 392.241912841797 393.407287597656 406.972686767578 414.489685058594 419.208404541016 421.488891601562 420.795989990234 416.285888671875 411.550811767578 417.019805908203 423.28369140625 428.219512939453 429.213500976562 430.985107421875 428.753692626953 420.919494628906 421.109893798828 422.075897216797 423.559204101562 428.908386230469 436.034393310547 442.015686035156 439.928802490234 438.396209716797 441.012786865234 452.104705810547 452.906005859375 451.417388916016 449.091186523438 446.252197265625 450.081604003906 458.151702880859 458.426788330078 458.861602783203 459.903198242188 462.426788330078 458.339599609375 454.774200439453 455.163696289062 444.875396728516 438.817901611328 439.746002197266 446.089385986328 447.643188476562 445.931213378906 445.998809814453 446.814392089844
373.022888183594 381.979705810547 389.151092529297 394.476593017578 396.501312255859 394.432312011719 396.787902832031 407.674011230469 407.837005615234 409.425689697266 413.293304443359 411.318786621094 406.544311523438 402.043212890625 405.519897460938 412.8291015625 421.588195800781 430.301086425781 432.039703369141 430.208190917969 425.713012695312 425.453094482422 426.194305419922 427.671203613281 430.905700683594 438.920196533203 446.997894287109 445.561614990234 446.154602050781 449.954193115234 458.883209228516 457.666687011719 455.015289306641 453.244293212891 454.863311767578 460.50048828125 467.262298583984 463.242004394531 461.456787109375 459.996612548828 455.347290039062 450.531890869141 448.309906005859 450.226593017578 434.686889648438 429.357299804688 438.505889892578 444.229309082031 447.308502197266 447.481811523438 441.566711425781 446.138305664062
376.244598388672 387.50048828125 397.329711914062 402.806488037109 395.716003417969 399.516296386719 405.606414794922 411.631011962891 401.161712646484 398.036407470703 403.352203369141 401.57080078125 399.188507080078 396.905487060547 397.027496337891 399.919189453125 406.355194091797 421.594207763672 422.30810546875 421.957794189453 423.988891601562 427.815185546875 431.379699707031 434.560913085938 435.854614257812 442.549102783203 450.870910644531 452.127990722656 455.079193115234 459.047393798828 462.916809082031 458.885498046875 457.208587646484 459.862396240234 467.913696289062 473.167388916016 475.063995361328 466.635986328125 462.879211425781 459.049896240234 446.433502197266 440.265594482422 438.701812744141 443.042694091797 422.695587158203 419.853698730469 439.000885009766 444.427093505859 451.403289794922 455.241790771484 430.934600830078 438.387786865234
383.614105224609 385.430694580078 393.786102294922 403.582702636719 409.400390625 411.950103759766 414.15478515625 416.656494140625 407.288391113281 401.600189208984 400.871002197266 399.751312255859 396.300811767578 395.130096435547 412.728210449219 410.803802490234 405.974914550781 412.110900878906 413.635711669922 416.846588134766 423.3876953125 418.856903076172 422.943115234375 434.399108886719 433.542602539062 436.677795410156 442.206512451172 447.858703613281 452.2705078125 452.876007080078 446.051391601562 449.1005859375 451.572204589844 451.73291015625 457.945709228516 463.476593017578 466.588287353516 457.776489257812 458.077301025391 459.57861328125 449.982086181641 434.928802490234 420.619110107422 410.313385009766 395.638397216797 401.347198486328 429.776885986328 440.914215087891 449.998199462891 452.386505126953 421.192596435547 429.104888916016
389.009704589844 390.822814941406 393.759613037109 398.475799560547 406.779602050781 409.310699462891 410.009704589844 410.071411132812 409.120391845703 404.565399169922 397.723785400391 400.746185302734 400.603485107422 400.365814208984 410.469787597656 411.751800537109 409.269805908203 406.183685302734 409.573394775391 415.095611572266 421.088195800781 419.590301513672 423.968902587891 433.129791259766 432.636901855469 433.458312988281 436.489288330078 443.813903808594 446.420684814453 446.081207275391 442.879913330078 444.52880859375 447.015014648438 449.174194335938 448.758087158203 451.671691894531 456.122192382812 452.800506591797 453.811004638672 454.109191894531 444.636688232422 429.157012939453 413.580200195312 401.236907958984 395.553100585938 403.548004150391 425.399688720703 442.948089599609 453.010498046875 453.407501220703 431.179504394531 439.057006835938
387.294311523438 393.869812011719 393.868011474609 392.732696533203 396.649108886719 398.523712158203 399.948791503906 401.492309570312 405.397888183594 402.477813720703 393.406585693359 396.280700683594 400.340087890625 403.997406005859 403.358184814453 408.921112060547 411.687103271484 401.815887451172 409.291900634766 417.457000732422 421.795684814453 425.513488769531 428.322113037109 430.015502929688 429.002410888672 427.805908203125 428.829406738281 438.832214355469 442.621704101562 444.053405761719 444.641296386719 443.949188232422 444.783294677734 447.514190673828 444.369689941406 446.521697998047 452.423004150391 452.47021484375 452.2294921875 449.755798339844 440.062805175781 427.801513671875 415.134613037109 403.206390380859 403.776702880859 411.589691162109 426.359710693359 448.603302001953 457.154602050781 453.334197998047 435.340087890625 447.707794189453
370.111602783203 385.524597167969 391.148498535156 390.248687744141 381.460784912109 381.450988769531 386.354888916016 397.638885498047 392.497985839844 389.483489990234 389.169799804688 377.304595947266 384.197509765625 399.738494873047 399.227203369141 405.444305419922 409.065704345703 398.989196777344 414.286987304688 426.660888671875 428.981506347656 435.408203125 432.659210205078 421.340698242188 418.178192138672 414.959808349609 414.667510986328 431.390991210938 445.77880859375 453.487487792969 447.915588378906 448.196197509766 446.985809326172 442.755004882812 450.311798095703 457.965209960938 464.792694091797 459.756896972656 456.260803222656 452.339508056641 443.943206787109 436.891815185547 427.711700439453 413.186614990234 409.8291015625 416.845703125 434.643493652344 458.023406982422 460.179992675781 444.196197509766 410.453308105469 437.924102783203
368.085113525391 378.647705078125 384.149993896484 385.711090087891 382.663513183594 379.800689697266 381.157501220703 388.980010986328 387.630187988281 385.982299804688 385.009613037109 381.392395019531 383.976715087891 390.849487304688 398.264099121094 396.046691894531 395.919311523438 410.013885498047 425.042999267578 432.059204101562 427.884307861328 433.693511962891 434.477386474609 430.029907226562 428.797393798828 426.106506347656 425.336090087891 435.0625 445.683685302734 451.963012695312 448.285186767578 447.162689208984 445.796691894531 444.493804931641 454.104797363281 457.599487304688 456.189514160156 459.808288574219 456.659484863281 451.045989990234 448.388702392578 438.018493652344 428.259613037109 423.847412109375 424.212890625 430.932312011719 443.835113525391 455.038696289062 458.59130859375 450.641510009766 411.889312744141 432.488586425781
366.384185791016 374.185607910156 377.585906982422 379.182189941406 381.305297851562 379.58740234375 378.953308105469 381.729187011719 385.390502929688 384.830810546875 380.697601318359 384.506500244141 383.535797119141 382.890686035156 399.322204589844 397.885192871094 397.455902099609 416.331085205078 428.73291015625 433.500213623047 429.52978515625 432.89599609375 426.709289550781 413.018585205078 414.317413330078 412.563110351562 413.510711669922 432.665008544922 442.12890625 446.7880859375 447.610900878906 442.584411621094 440.896789550781 445.320007324219 455.845794677734 457.511596679688 453.463195800781 461.141387939453 459.823791503906 454.78369140625 452.428588867188 440.563201904297 432.080200195312 434.717712402344 438.391510009766 445.994903564453 457.076293945312 459.154113769531 460.982391357422 457.249908447266 422.785308837891 434.611999511719
362.911712646484 372.681396484375 372.881286621094 370.459289550781 372.632598876953 376.355010986328 378.489990234375 375.553405761719 384.164489746094 383.333404541016 374.329711914062 380.472991943359 379.107086181641 376.981201171875 401.900512695312 414.318298339844 419.784698486328 413.428894042969 420.966186523438 430.151702880859 438.012908935547 435.896087646484 406.903686523438 355.952697753906 362.047210693359 361.174011230469 366.578308105469 419.696899414062 434.884613037109 439.27099609375 446.826995849609 435.065887451172 432.263610839844 445.110412597656 454.607788085938 460.115203857422 462.848785400391 465.480590820312 467.085906982422 466.057586669922 455.75390625 447.084594726562 442.762512207031 446.316802978516 449.063598632812 458.885711669922 477.013793945312 474.610412597656 467.761199951172 458.257202148438 439.986785888672 445.750305175781
367.882293701172 370.523895263672 369.201995849609 364.45458984375 354.888793945312 363.139190673828 372.659912109375 376.745788574219 376.196014404297 367.303802490234 354.298797607422 374.805603027344 381.857696533203 381.616394042969 393.677185058594 401.291900634766 405.575500488281 406.042114257812 411.226409912109 422.739013671875 440.414215087891 432.660308837891 393.885314941406 337.429992675781 342.278686523438 341.941009521484 351.061401367188 412.60888671875 429.887603759766 434.258392333984 441.197387695312 434.104705810547 431.219512939453 437.067687988281 443.775787353516 452.422607421875 461.226501464844 461.639007568359 466.109497070312 469.648010253906 463.029296875 451.851501464844 444.590515136719 446.870208740234 446.699096679688 455.017913818359 471.444305419922 467.391510009766 446.383392333984 422.993011474609 443.789306640625 454.307586669922
368.068695068359 359.483306884766 359.7333984375 361.618499755859 357.010803222656 358.682006835938 365.038909912109 375.741912841797 370.147399902344 363.089996337891 358.928192138672 372.506988525391 382.763305664062 389.324890136719 392.315185546875 394.211608886719 396.85791015625 402.366394042969 410.034301757812 421.196014404297 435.29150390625 427.929504394531 386.877807617188 326.473602294922 332.131286621094 333.280090332031 344.580413818359 409.73388671875 431.880187988281 436.924713134766 435.102111816406 430.485992431641 428.128997802734 430.181793212891 441.491607666016 452.377685546875 459.962310791016 453.831909179688 460.042694091797 468.214996337891 462.210693359375 453.843597412109 448.667510986328 450.588409423828 450.981689453125 456.028411865234 465.792602539062 467.25048828125 444.472686767578 416.023101806641 442.567108154297 451.81201171875
365.061096191406 344.004699707031 348.073699951172 361.672302246094 375.198791503906 363.49609375 358.809509277344 375.345092773438 368.169799804688 369.921112060547 382.869201660156 372.859985351562 381.430114746094 398.406097412109 397.402313232422 394.615997314453 394.665405273438 403.177093505859 415.894989013672 423.992004394531 424.432006835938 423.125091552734 384.738708496094 319.140197753906 328.290008544922 331.876708984375 345.118011474609 410.855285644531 437.561309814453 443.341888427734 428.666412353516 425.503601074219 424.643585205078 425.201690673828 445.927490234375 457.76220703125 460.566986083984 446.559692382812 452.998687744141 463.017486572266 454.711486816406 452.962585449219 454.055786132812 457.034088134766 460.12548828125 461.336212158203 460.249114990234 473.532012939453 459.603302001953 432.728790283203 438.976715087891 442.216400146484
