Variables/MIS4/npp.asc
NCOLS 258 
NROWS 132 
XLLCORNER -10.933275447 
YLLCORNER 36.059072361 
CELLSIZE 0.11561 
NODATA_value -9999 
[rows 23 to 45 of 132, columns 52 to 103 of 258]
62.7997093200684 122.833602905273 399.258605957031 426.147308349609 505.059814453125 515.522583007812 499.853393554688 498.667510986328 480.489013671875 471.447296142578 485.525085449219 500.971008300781 507.601806640625 504.285095214844 496.08740234375 488.965087890625 482.086212158203 472.061096191406 453.928802490234 437.408386230469 433.242706298828 437.526397705078 438.828796386719 433.091491699219 427.430297851562 423.259613037109 420.813812255859 420.963012695312 419.352203369141 416.065490722656 410.33349609375 414.878387451172 418.068603515625 410.571990966797 411.023498535156 412.667388916016 414.157104492188 416.067901611328 408.221313476562 394.091400146484 393.329986572266 392.536407470703 390.967590332031 387.255889892578 392.200714111328 396.669006347656 395.643096923828 396.112091064453 394.490905761719 389.573791503906 376.814788818359 369.804992675781
265.987609863281 443.976287841797 530.248779296875 535.249389648438 531.000183105469 518.516418457031 506.995086669922 508.832214355469 499.412506103516 488.635314941406 481.787994384766 495.522003173828 507.254608154297 512.142211914062 504.327087402344 501.589599609375 499.217193603516 480.425201416016 462.734313964844 450.188293457031 449.339996337891 450.016693115234 449.115386962891 445.126403808594 438.079193115234 434.640594482422 434.851287841797 434.014892578125 426.969787597656 419.037902832031 421.431304931641 422.294586181641 420.18798828125 412.830413818359 411.760986328125 411.997589111328 412.391204833984 412.980895996094 405.411102294922 393.152191162109 393.709503173828 391.504699707031 387.786804199219 384.690887451172 391.508514404297 396.938201904297 394.439788818359 398.123687744141 395.935211181641 386.018493652344 379.376708984375 372.968505859375
544.696228027344 534.165283203125 528.044128417969 524.369323730469 523.728881835938 517.195922851562 511.719787597656 516.662475585938 510.75439453125 496.460601806641 472.18359375 478.988403320312 493.607696533203 511.513305664062 505.044189453125 505.740600585938 507.041809082031 482.328186035156 470.236206054688 465.514495849609 466.474700927734 461.335906982422 457.564788818359 457.266693115234 447.8623046875 444.546600341797 447.259094238281 445.796295166016 436.485504150391 427.683502197266 439.68701171875 435.716400146484 427.57958984375 421.180297851562 417.838409423828 414.200103759766 409.578399658203 406.441986083984 399.980804443359 391.861389160156 393.526214599609 390.54150390625 385.322113037109 380.179290771484 386.553588867188 392.209594726562 390.335601806641 396.1962890625 392.879089355469 378.562896728516 380.959014892578 376.465789794922
546.339111328125 532.074279785156 519.557983398438 508.893798828125 501.198608398438 503.399810791016 507.732086181641 506.593688964844 504.113800048828 497.981414794922 486.161987304688 469.037689208984 469.016510009766 486.599914550781 491.419006347656 490.0087890625 484.330902099609 476.462188720703 469.710205078125 466.919708251953 472.346984863281 467.549102783203 459.644592285156 449.824096679688 446.668304443359 446.952514648438 449.829803466797 449.570404052734 445.263214111328 438.847503662109 431.800903320312 431.9921875 431.319702148438 423.574188232422 424.277191162109 421.996612548828 413.711791992188 408.116607666016 399.818695068359 389.482788085938 381.59521484375 383.678314208984 387.406005859375 380.277709960938 379.346496582031 380.853485107422 384.017700195312 387.002807617188 387.651000976562 385.647308349609 382.532897949219 377.037994384766
549.614501953125 535.29248046875 521.6904296875 510.893798828125 506.411285400391 510.568206787109 514.373474121094 505.884185791016 501.098205566406 498.00390625 495.400787353516 479.370086669922 476.011108398438 486.263702392578 480.996185302734 468.741607666016 456.156005859375 459.889007568359 454.985992431641 450.754699707031 457.197387695312 457.224090576172 454.867004394531 451.23291015625 449.370086669922 445.138214111328 439.394897460938 440.232299804688 434.664611816406 428.76708984375 436.661712646484 433.85009765625 426.719696044922 418.165588378906 411.2919921875 407.85888671875 407.957305908203 400.41650390625 393.284393310547 388.083892822266 388.647705078125 389.609893798828 388.746185302734 381.462585449219 377.356292724609 378.040313720703 385.892913818359 386.706512451172 386.775787353516 387.129302978516 385.801696777344 382.956695556641
553.146789550781 539.436218261719 526.775024414062 518.042419433594 516.125427246094 518.374084472656 516.836486816406 500.599395751953 494.309600830078 493.709991455078 498.206787109375 487.80859375 484.130187988281 487.792205810547 473.744598388672 453.028686523438 434.593597412109 446.994903564453 439.298400878906 430.835388183594 440.890014648438 442.272399902344 444.611389160156 450.667297363281 448.656311035156 441.792602539062 432.186401367188 432.250213623047 426.373596191406 422.524200439453 441.836486816406 432.294494628906 418.196594238281 415.357788085938 402.379302978516 396.347595214844 401.184600830078 393.612396240234 386.5 382.258514404297 390.284790039062 389.279510498047 383.903686523438 379.645294189453 372.040588378906 371.510101318359 386.169311523438 388.413513183594 389.399291992188 390.702392578125 389.658111572266 388.558288574219
552.415283203125 -9999 533.896301269531 -9999 520.91552734375 515.441528320312 505.495697021484 481.829498291016 478.989196777344 482.151397705078 489.732391357422 481.042205810547 476.651092529297 477.551208496094 470.656097412109 451.400085449219 429.844085693359 447.022491455078 430.614288330078 413.834686279297 433.274810791016 428.189514160156 427.785888671875 442.822814941406 438.864196777344 437.407897949219 439.025085449219 433.74169921875 432.861114501953 435.852508544922 440.481292724609 421.537414550781 407.019012451172 422.543487548828 411.909484863281 401.736389160156 396.975311279297 393.436309814453 382.81640625 367.667205810547 371.105285644531 369.755004882812 367.529296875 371.729888916016 358.494110107422 353.962585449219 378.459289550781 388.790802001953 395.772491455078 401.393493652344 393.634796142578 390.329986572266
-9999 -9999 -9999 -9999 -9999 496.949584960938 498.894287109375 489.93798828125 482.309997558594 477.729888916016 471.099395751953 465.801696777344 463.148895263672 463.041412353516 462.493988037109 459.603302001953 455.386993408203 452.252014160156 440.976989746094 431.947509765625 436.6162109375 424.518188476562 416.871307373047 421.031585693359 419.192901611328 421.299194335938 426.857788085938 425.399200439453 426.159088134766 429.220397949219 435.368103027344 423.546600341797 413.750885009766 421.752990722656 414.960784912109 402.316192626953 386.671691894531 385.400085449219 379.046112060547 366.018585205078 344.799011230469 351.76708984375 369.55859375 375.167602539062 369.609985351562 369.51708984375 385.449401855469 385.0166015625 386.331085205078 392.361114501953 395.079986572266 387.190704345703
-9999 -9999 -9999 -9999 -9999 -9999 -9999 -9999 -9999 -9999 -9999 -9999 459.391998291016 458.769714355469 458.910186767578 462.845489501953 466.012084960938 453.668395996094 446.508087158203 441.946197509766 438.459411621094 428.220794677734 415.830902099609 403.352600097656 406.973602294922 409.359008789062 409.759094238281 416.824096679688 420.350311279297 422.855590820312 430.171691894531 423.742889404297 417.484710693359 421.702392578125 413.881195068359 401.566711425781 387.087005615234 385.103790283203 380.424194335938 370.209197998047 344.687286376953 353.348999023438 374.666595458984 379.233306884766 377.841796875 378.619201660156 386.326599121094 380.8037109375 379.344787597656 385.173309326172 393.021606445312 384.246002197266
-9999 -9999 -9999 -9999 -9999 -9999 -9999 -9999 -9999 -9999 -9999 -9999 -9999 466.783386230469 462.210601806641 459.401611328125 456.530914306641 450.441589355469 443.840087890625 438.019500732422 436.732086181641 438.164215087891 425.216796875 388.687713623047 406.036010742188 405.325286865234 388.153991699219 410.145812988281 417.630706787109 418.914306640625 423.923004150391 418.345703125 414.838592529297 422.256591796875 409.259887695312 400.44580078125 401.249908447266 393.940399169922 386.713409423828 379.630187988281 373.736511230469 374.739990234375 380.015289306641 381.995086669922 378.847686767578 376.124694824219 377.618286132812 376.730499267578 377.424194335938 381.4296875 386.586303710938 381.972991943359
-9999 -9999 -9999 -9999 -9999 -9999 -9999 -9999 -9999 -9999 -9999 -9999 -9999 448.721008300781 472.260009765625 465.100402832031 456.002014160156 455.520385742188 451.525085449219 446.561187744141 442.837097167969 444.864990234375 434.403289794922 405.440612792969 413.707702636719 410.652404785156 396.563812255859 409.77490234375 410.328887939453 402.817291259766 395.173797607422 403.584411621094 410.930511474609 403.955413818359 404.843902587891 403.049102783203 395.830108642578 389.295288085938 382.305389404297 375.399993896484 371.923400878906 371.676208496094 374.05029296875 380.098785400391 388.409393310547 389.761108398438 376.657287597656 371.370697021484 368.871002197266 368.607513427734 371.680908203125 374.956512451172
-9999 -9999 -9999 -9999 -9999 -9999 -9999 -9999 -9999 -9999 -9999 -9999 -9999 -9999 443.603393554688 471.338806152344 461.758392333984 463.720794677734 459.395385742188 453.109893798828 448.540405273438 449.042388916016 441.859100341797 422.839202880859 423.938110351562 418.925109863281 406.239593505859 396.812805175781 389.178894042969 383.930389404297 384.224212646484 393.48388671875 399.960784912109 393.557189941406 393.310791015625 395.477508544922 396.820007324219 369.118713378906 363.721984863281 376.610504150391 373.212585449219 370.168701171875 370.06201171875 378.193298339844 387.64990234375 390.442413330078 379.848388671875 374.637084960938 370.483703613281 367.070098876953 368.622314453125 370.657287597656
-9999 -9999 -9999 -9999 -9999 -9999 -9999 -9999 -9999 -9999 -9999 -9999 -9999 -9999 -9999 -9999 469.915985107422 472.299896240234 466.060211181641 457.921203613281 453.147888183594 451.221801757812 447.079193115234 438.927795410156 434.291809082031 428.865997314453 419.418914794922 380.632690429688 363.902099609375 363.513214111328 382.079406738281 386.108703613281 386.839385986328 389.681396484375 381.781890869141 385.696502685547 406.702911376953 351.334197998047 348.259185791016 384.911193847656 377.265899658203 370.866394042969 368.467712402344 377.627807617188 381.239807128906 382.687591552734 384.341400146484 382.388702392578 378.142486572266 371.762084960938 373.899688720703 369.99169921875
-9999 -9999 -9999 -9999 -9999 -9999 -9999 -9999 -9999 -9999 -9999 -9999 -9999 -9999 -9999 -9999 -9999 471.668914794922 469.150695800781 463.502410888672 454.592590332031 451.482604980469 446.78759765625 438.306091308594 438.101898193359 439.154296875 436.701293945312 398.508087158203 366.482788085938 345.36669921875 352.072692871094 372.827301025391 390.451904296875 390.485595703125 396.244903564453 404.484497070312 413.659088134766 401.8876953125 397.736297607422 398.228302001953 377.235198974609 369.598205566406 371.867401123047 384.718994140625 386.14111328125 383.583892822266 379.495300292969 381.049987792969 377.385711669922 367.968292236328 376.102386474609 376.471893310547
-9999 -9999 -9999 -9999 -9999 -9999 -9999 -9999 -9999 -9999 -9999 -9999 -9999 -9999 -9999 -9999 -9999 468.82861328125 469.887512207031 464.345092773438 453.188903808594 452.398193359375 450.831909179688 444.858093261719 442.822204589844 440.884613037109 436.244384765625 415.777709960938 391.658996582031 370.331604003906 365.768707275391 376.679809570312 389.260986328125 393.994384765625 399.500701904297 403.998413085938 407.397796630859 415.939392089844 417.537902832031 410.987701416016 392.930908203125 380.621612548828 374.692199707031 379.663604736328 385.371307373047 388.847991943359 387.505615234375 383.379089355469 379.623809814453 377.098205566406 377.048797607422 373.346313476562
-9999 -9999 -9999 -9999 -9999 -9999 -9999 -9999 -9999 -9999 -9999 -9999 -9999 -9999 -9999 -9999 -9999 -9999 466.775299072266 465.734893798828 453.745910644531 453.631805419922 454.12060546875 451.705413818359 446.273986816406 439.859405517578 433.225494384766 431.222106933594 421.452911376953 407.178314208984 392.997009277344 387.374786376953 387.850708007812 395.638610839844 396.157989501953 396.266906738281 397.910888671875 411.236694335938 418.239685058594 418.168701171875 408.200408935547 394.233612060547 381.062805175781 377.416290283203 385.32861328125 393.145812988281 394.6162109375 386.930389404297 383.932006835938 386.783813476562 374.359008789062 363.056884765625
-9999 -9999 -9999 -9999 -9999 -9999 -9999 -9999 -9999 -9999 -9999 -9999 -9999 -9999 -9999 -9999 -9999 -9999 -9999 -9999 464.895385742188 454.950805664062 449.860504150391 451.526397705078 444.855590820312 441.389312744141 441.744903564453 442.686309814453 437.837707519531 427.396789550781 406.079986572266 396.368713378906 391.823608398438 388.736999511719 388.360900878906 391.798309326172 399.514190673828 398.879486083984 402.492614746094 408.323791503906 402.962707519531 400.223297119141 399.084106445312 398.176605224609 394.53759765625 389.455413818359 382.505798339844 389.236114501953 390.251586914062 382.390289306641 362.721008300781 344.375396728516
-9999 -9999 -9999 -9999 -9999 -9999 -9999 -9999 -9999 -9999 -9999 -9999 -9999 -9999 -9999 -9999 -9999 -9999 -9999 -9999 -9999 -9999 453.457305908203 456.717712402344 451.031890869141 445.444396972656 441.545196533203 441.543914794922 441.102508544922 437.232788085938 421.646697998047 389.131988525391 364.515991210938 370.561004638672 376.260986328125 377.281890869141 373.566711425781 386.87548828125 395.598602294922 398.900299072266 400.993194580078 402.252105712891 402.487487792969 400.573394775391 397.594787597656 393.563812255859 388.457885742188 391.864288330078 388.536590576172 375.53271484375 360.885986328125 340.083587646484
-9999 -9999 -9999 -9999 -9999 -9999 -9999 -9999 -9999 -9999 -9999 -9999 -9999 -9999 -9999 -9999 -9999 -9999 -9999 -9999 -9999 453.643798828125 456.242706298828 459.465515136719 455.264190673828 449.168212890625 442.410308837891 438.362915039062 438.22509765625 437.938201904297 428.047698974609 390.554290771484 362.075897216797 374.527709960938 374.497314453125 365.667388916016 350.475891113281 374.117401123047 386.506988525391 388.082702636719 397.319000244141 399.321411132812 398.016906738281 398.251586914062 400.478485107422 401.210998535156 397.9794921875 394.649810791016 386.607513427734 373.422790527344 364.811706542969 349.034698486328
-9999 -9999 -9999 -9999 -9999 -9999 2.865807056427 -9999 -9999 -9999 -9999 -9999 -9999 -9999 -9999 -9999 -9999 -9999 -9999 -9999 -9999 -9999 458.526000976562 455.36279296875 453.560607910156 451.473114013672 448.984497070312 437.027893066406 431.220489501953 427.081085205078 418.561706542969 412.489501953125 411.522186279297 419.864105224609 391.687591552734 363.802093505859 341.353088378906 359.907196044922 369.951690673828 373.904296875 389.358184814453 390.079193115234 386.325286865234 395.102386474609 404.914215087891 410.935913085938 408.079406738281 397.197998046875 387.644592285156 379.093109130859 374.710601806641 373.601715087891
-9999 -9999 -9999 -9999 -9999 -9999 -9999 -9999 -9999 -9999 -9999 13.9287900924683 26.2511692047119 38.381031036377 -9999 -9999 -9999 -9999 -9999 -9999 383.956085205078 437.384887695312 461.739013671875 457.1962890625 458.657806396484 456.731414794922 450.734008789062 443.612091064453 434.258087158203 425.900695800781 426.420288085938 424.846008300781 424.185913085938 426.750701904297 410.936798095703 384.106811523438 349.344207763672 344.324096679688 349.802795410156 361.919586181641 375.073486328125 384.676910400391 391.364898681641 394.221313476562 396.913696289062 398.732391357422 398.718200683594 393.0380859375 390.739807128906 393.121795654297 392.265289306641 392.901000976562
-9999 -9999 -9999 -9999 -9999 -9999 -9999 -9999 -9999 -9999 -9999 -9999 3.24333596229553 -9999 -9999 -9999 -9999 -9999 -9999 -9999 -9999 -9999 456.892913818359 459.161285400391 461.446899414062 459.457397460938 452.960388183594 450.349792480469 441.908111572266 432.682006835938 434.235687255859 433.311096191406 430.500701904297 425.323486328125 418.657287597656 402.642303466797 374.859405517578 352.871185302734 344.440002441406 348.725708007812 364.853302001953 377.568511962891 385.6005859375 384.177307128906 387.024597167969 390.462493896484 392.6337890625 393.394592285156 395.432189941406 399.074890136719 401.165496826172 405.194213867188
-9999 -9999 -9999 -9999 -9999 -9999 -9999 -9999 -9999 -9999 -9999 -9999 -9999 -9999 -9999 -9999 -9999 -9999 -9999 -9999 -9999 -9999 -9999 457.269897460938 -9999 458.14111328125 455.120208740234 455.372100830078 451.331909179688 445.696990966797 439.830688476562 438.398712158203 434.043487548828 418.176696777344 416.043212890625 416.017395019531 419.626892089844 384.946014404297 356.175415039062 334.444610595703 358.366088867188 367.601806640625 368.757385253906 366.057312011719 378.125885009766 389.088195800781 391.538787841797 398.951904296875 400.890686035156 396.332611083984 400.907897949219 409.67138671875
