Variables/MIS4/npp.asc
NCOLS 258 
NROWS 132 
XLLCORNER -10.933275447 
YLLCORNER 36.059072361 
CELLSIZE 0.11561 
NODATA_value -9999 
[rows 69 to 91 of 132, columns 52 to 103 of 258]
588.995422363281 588.889709472656 562.348022460938 526.008117675781 538.717407226562 540.234008789062 538.554077148438 543.792419433594 547.293701171875 545.052001953125 534.040222167969 532.874877929688 535.508117675781 540.138977050781 538.518127441406 533.194213867188 527.592224121094 531.46728515625 526.818176269531 521.7744140625 524.37109375 519.587219238281 512.340026855469 439.524993896484 349.9755859375 395.517395019531 497.879486083984 491.907897949219 478.70361328125 465.133605957031 456.669403076172 455.194305419922 452.046600341797 440.166809082031 442.148010253906 440.142395019531 431.405487060547 449.259704589844 458.50390625 458.324584960938 455.568603515625 456.966186523438 458.389801025391 452.474212646484 457.465698242188 459.271514892578 449.206085205078 444.816802978516 440.756011962891 436.383697509766 435.116607666016 426.010498046875
578.462219238281 584.070617675781 564.604675292969 536.980407714844 562.327514648438 562.991577148438 554.507629394531 553.929382324219 556.765686035156 557.342590332031 552.484008789062 547.844299316406 546.199584960938 545.901306152344 530.4580078125 525.372619628906 526.960693359375 523.968688964844 523.487609863281 525.444580078125 530.863220214844 529.211975097656 524.491821289062 517.241271972656 505.510192871094 501.965698242188 505.235290527344 497.915191650391 494.640899658203 493.939208984375 492.776000976562 485.043701171875 478.932403564453 481.406707763672 481.432586669922 476.694885253906 467.084991455078 468.264495849609 471.826812744141 475.388702392578 472.161712646484 470.37939453125 470.040893554688 471.638610839844 470.036285400391 465.895202636719 459.049987792969 462.235412597656 463.195892333984 459.750885009766 457.069213867188 449.015899658203
551.008605957031 564.146484375 568.064819335938 569.784729003906 589.916076660156 589.297485351562 580.525512695312 565.835021972656 568.242126464844 574.075805664062 576.34912109375 566.854675292969 558.36572265625 549.368225097656 511.718811035156 508.514892578125 523.070983886719 516.142517089844 520.373596191406 527.238891601562 526.383911132812 522.492614746094 518.931213378906 515.438415527344 522.983825683594 518.352783203125 502.086608886719 496.642395019531 494.590698242188 496.830413818359 503.919189453125 495.015289306641 489.020599365234 500.680389404297 501.851104736328 498.746887207031 491.576202392578 486.6953125 485.7412109375 486.893402099609 483.036102294922 476.471008300781 469.818115234375 470.280487060547 465.704895019531 460.518096923828 459.132202148438 467.053314208984 474.909484863281 482.671203613281 475.372009277344 468.658996582031
549.868225097656 542.651428222656 541.285827636719 546.067504882812 561.897827148438 568.122314453125 566.344299316406 553.400817871094 548.844909667969 547.003723144531 545.934814453125 531.80029296875 524.188720703125 524.586975097656 519.597229003906 522.912170410156 527.193481445312 507.307800292969 498.401214599609 495.494812011719 496.755187988281 501.096496582031 504.579193115234 505.652496337891 501.751098632812 502.127593994141 504.575714111328 485.533813476562 477.879486083984 480.313903808594 495.460784912109 499.414886474609 502.223907470703 510.776611328125 511.49951171875 509.134613037109 504.691589355469 506.761199951172 506.927703857422 503.857513427734 491.281005859375 490.655090332031 491.557800292969 476.303100585938 486.484588623047 497.129211425781 495.076995849609 489.440490722656 488.466705322266 493.020385742188 490.638885498047 487.484802246094
534.911376953125 533.647521972656 536.022827148438 540.136413574219 541.313720703125 543.158081054688 543.896118164062 540.315124511719 538.107727050781 536.937316894531 536.386474609375 526.174987792969 516.462707519531 510.264801025391 516.072326660156 521.435119628906 520.888671875 498.005615234375 487.223205566406 486.361694335938 497.855590820312 499.947296142578 498.073608398438 493.419494628906 488.1171875 485.836608886719 484.448486328125 469.003295898438 464.181793212891 467.861389160156 478.469085693359 482.629699707031 484.022705078125 484.439697265625 493.30419921875 498.247802734375 496.674011230469 505.832214355469 498.445892333984 474.280090332031 437.650695800781 432.828094482422 440.470886230469 435.535400390625 468.566314697266 499.995300292969 506.4755859375 501.591705322266 499.761108398438 503.302490234375 503.147094726562 502.505004882812
521.061218261719 529.863891601562 536.803100585938 539.669982910156 529.16748046875 524.455078125 523.954528808594 528.965026855469 531.251708984375 533.025329589844 534.961303710938 531.832885742188 521.715026855469 506.369995117188 511.677398681641 514.933715820312 512.447082519531 490.014709472656 484.589508056641 489.908996582031 505.738586425781 501.277313232422 491.121612548828 478.516296386719 475.868499755859 469.862396240234 460.114013671875 452.707489013672 452.284698486328 455.814208984375 458.944793701172 460.127502441406 458.347412109375 451.661499023438 465.508697509766 475.81201171875 477.667602539062 491.259002685547 478.103607177734 440.540710449219 390.963287353516 383.405914306641 394.858795166016 402.531005859375 446.156188964844 486.370910644531 501.370391845703 501.396301269531 502.174713134766 504.894104003906 491.881195068359 495.988403320312
530.119384765625 525.10107421875 526.053527832031 530.735107421875 531.77587890625 527.177429199219 522.237915039062 523.831115722656 523.2451171875 524.008178710938 528.077209472656 530.286315917969 529.079772949219 524.759094238281 520.584716796875 515.787719726562 507.752899169922 486.648498535156 492.266296386719 501.204711914062 491.202789306641 482.952789306641 472.265502929688 458.424194335938 456.587585449219 453.972503662109 449.844787597656 444.211608886719 441.287109375 440.30859375 442.854888916016 448.403900146484 452.156311035156 450.523101806641 445.766906738281 446.821014404297 456.853912353516 463.782104492188 461.938201904297 453.503204345703 447.939605712891 453.247314453125 462.455291748047 458.611297607422 462.045989990234 468.843688964844 476.087707519531 478.674896240234 481.036987304688 480.555114746094 413.070007324219 431.385589599609
519.547180175781 520.981079101562 524.081176757812 527.242614746094 525.79931640625 528.915588378906 530.503784179688 521.263671875 517.054626464844 519.464477539062 530.355773925781 529.45947265625 527.8046875 526.932678222656 523.9677734375 522.473083496094 517.393005371094 491.394287109375 496.145111083984 504.131988525391 489.137298583984 488.083709716797 485.515594482422 475.895202636719 465.271087646484 458.970397949219 456.346405029297 449.8203125 445.507904052734 443.745513916016 446.287506103516 446.240905761719 447.953002929688 455.302795410156 451.562591552734 449.898895263672 453.747100830078 455.904510498047 451.32958984375 444.966888427734 460.759490966797 470.495513916016 471.413909912109 454.562805175781 452.733093261719 456.959014892578 464.496002197266 472.498901367188 477.647796630859 476.432891845703 447.009094238281 457.054595947266
511.735687255859 520.066711425781 523.431396484375 521.762878417969 515.541076660156 524.027404785156 531.727416992188 516.944702148438 515.707580566406 520.977172851562 531.193420410156 527.961486816406 526.669799804688 528.767028808594 526.507629394531 526.635681152344 524.367370605469 501.732513427734 504.710296630859 510.390289306641 497.041198730469 499.615112304688 499.329711914062 489.734802246094 477.827209472656 471.1123046875 468.364410400391 455.720703125 450.069213867188 449.767486572266 453.779113769531 453.836486816406 454.807586669922 460.708312988281 459.089691162109 456.532989501953 454.299499511719 450.055114746094 443.365112304688 438.231201171875 457.314208984375 464.395202636719 460.721008300781 441.515594482422 441.714385986328 448.204315185547 456.51220703125 463.902709960938 469.082397460938 472.018096923828 477.485687255859 478.976715087891
516.489013671875 523.725219726562 520.779296875 510.260314941406 501.709686279297 508.441192626953 516.656372070312 508.934997558594 521.434692382812 530.417419433594 524.568176269531 524.999084472656 529.055114746094 536.73388671875 529.465576171875 524.113891601562 519.560913085938 518.344482421875 522.144287109375 525.125610351562 517.964721679688 512.022216796875 501.760894775391 482.112091064453 485.781005859375 486.279693603516 483.522613525391 456.546997070312 448.780609130859 452.87109375 460.381011962891 472.748687744141 478.860412597656 463.543090820312 458.476989746094 455.996887207031 454.287414550781 440.029205322266 437.675415039062 445.401611328125 443.740692138672 442.037689208984 439.099395751953 437.291198730469 438.069610595703 442.182891845703 449.494293212891 444.851196289062 445.126098632812 452.308197021484 455.478912353516 455.664703369141
512.767272949219 512.427673339844 509.271911621094 504.426300048828 499.688690185547 496.368103027344 497.485809326172 510.101806640625 519.314270019531 522.71337890625 518.012878417969 521.9296875 524.436828613281 524.096313476562 523.048400878906 524.104187011719 526.673095703125 529.534118652344 525.408630371094 520.946228027344 522.6884765625 524.273315429688 522.822692871094 516.486877441406 503.914398193359 493.289215087891 483.449188232422 460.910400390625 449.764312744141 449.22509765625 462.651306152344 470.188812255859 470.177185058594 457.881500244141 455.025085449219 453.844787597656 451.824188232422 440.610290527344 433.924896240234 432.175506591797 433.252288818359 432.769805908203 430.956909179688 427.444213867188 422.598693847656 425.277893066406 442.477111816406 439.916809082031 439.822387695312 444.268493652344 428.655792236328 432.977294921875
504.195190429688 504.627685546875 505.809997558594 506.752288818359 501.596496582031 492.985412597656 490.87548828125 512.86181640625 519.976379394531 518.92431640625 511.062896728516 518.150329589844 521.151428222656 518.090026855469 518.876892089844 523.85400390625 530.62841796875 533.352478027344 525.831115722656 518.606872558594 522.4453125 526.770629882812 529.2216796875 527.680603027344 509.137908935547 494.995697021484 485.747100830078 468.180389404297 455.637298583984 449.23779296875 454.550415039062 453.763702392578 450.354400634766 445.902709960938 450.327301025391 450.010009765625 441.574188232422 438.839508056641 429.871887207031 417.571105957031 419.931091308594 421.122894287109 419.900390625 413.248992919922 403.065307617188 402.166809082031 420.474212646484 420.006591796875 423.760498046875 433.584411621094 419.635711669922 425.394592285156
491.881713867188 502.592010498047 510.568908691406 516.232177734375 505.223114013672 497.103790283203 496.869201660156 515.322387695312 521.543395996094 518.894592285156 502.9208984375 512.435974121094 518.670288085938 519.406982421875 517.538513183594 521.822875976562 529.412780761719 528.68017578125 524.142211914062 519.695373535156 517.707885742188 518.114379882812 517.520385742188 513.463806152344 501.040405273438 494.030487060547 491.420684814453 478.923400878906 466.892395019531 454.233489990234 438.185485839844 430.294708251953 425.383392333984 427.870788574219 442.052093505859 442.005798339844 419.727508544922 431.810607910156 424.752105712891 402.727813720703 402.656799316406 405.342010498047 405.792114257812 394.625091552734 383.711395263672 378.945404052734 386.053405761719 390.137084960938 399.972900390625 420.869293212891 429.154205322266 433.129302978516
499.060089111328 501.963287353516 503.389007568359 502.950012207031 497.630798339844 492.713592529297 491.332397460938 500.021392822266 498.273895263672 495.569000244141 495.773010253906 496.703887939453 503.122985839844 513.758911132812 509.676513671875 510.498901367188 513.638427734375 509.445709228516 513.049621582031 514.702026367188 503.494689941406 502.012390136719 502.644287109375 503.510101318359 506.600494384766 507.816192626953 506.174987792969 497.791809082031 482.707000732422 464.20361328125 447.101593017578 440.264587402344 430.467712402344 406.800109863281 412.430908203125 410.609985351562 394.327606201172 412.8671875 415.789886474609 402.026885986328 379.179290771484 391.83740234375 407.522003173828 370.660095214844 385.302612304688 406.690887451172 413.615509033203 423.246612548828 428.419891357422 428.219207763672 431.736114501953 437.28271484375
497.276000976562 492.846984863281 492.348510742188 494.781707763672 493.023193359375 487.001007080078 481.924896240234 485.197296142578 485.007690429688 485.083892822266 487.158508300781 488.312713623047 493.521087646484 501.616485595703 496.739807128906 491.622894287109 487.778015136719 487.676391601562 490.718688964844 491.917602539062 485.319702148438 479.482696533203 480.784210205078 492.266998291016 500.134887695312 501.529388427734 497.892700195312 499.37451171875 489.872009277344 473.544799804688 456.292999267578 448.720489501953 439.376190185547 419.307006835938 420.370086669922 418.147094726562 407.648101806641 415.094787597656 419.046112060547 413.877899169922 379.820892333984 394.377105712891 417.506713867188 384.771911621094 400.136108398438 421.226593017578 426.669494628906 435.309906005859 439.929595947266 439.215515136719 438.371002197266 442.018890380859
489.468811035156 480.248687744141 481.282592773438 489.120788574219 487.951812744141 478.747711181641 469.680206298828 470.654510498047 479.190612792969 484.478790283203 480.886108398438 486.382110595703 488.930603027344 487.451690673828 483.626312255859 474.517211914062 464.046295166016 470.679504394531 468.487915039062 464.238708496094 467.399108886719 458.870300292969 460.32861328125 480.980712890625 486.167785644531 484.419708251953 478.181213378906 488.480804443359 487.330413818359 478.186798095703 460.628509521484 450.217010498047 445.219299316406 444.928314208984 444.308502197266 443.5537109375 440.901489257812 430.531097412109 429.350189208984 431.918212890625 397.844085693359 407.736785888672 429.812896728516 416.781707763672 418.837707519531 425.120788574219 429.892486572266 432.503204345703 438.517211914062 448.508392333984 445.266815185547 445.324005126953
472.405792236328 476.910797119141 478.742095947266 478.174987792969 470.270690917969 461.778106689453 455.111694335938 454.728210449219 473.109710693359 488.056213378906 489.049713134766 490.313293457031 487.358703613281 480.714385986328 483.693908691406 484.366302490234 483.345886230469 482.791809082031 475.8623046875 467.469909667969 461.799987792969 463.039306640625 466.389099121094 470.863586425781 475.631988525391 479.196411132812 480.576385498047 472.648895263672 468.000213623047 462.188995361328 443.286712646484 432.581695556641 428.171112060547 432.054107666016 428.868713378906 432.498901367188 445.939788818359 441.985992431641 435.316101074219 427.739990234375 423.537506103516 423.417388916016 424.121185302734 420.383605957031 421.467987060547 425.5087890625 432.639495849609 435.054595947266 436.593292236328 437.877685546875 440.446014404297 440.218811035156
463.513488769531 475.804809570312 473.989410400391 462.025909423828 451.778594970703 443.792602539062 438.917297363281 440.576812744141 454.43310546875 467.940185546875 475.481597900391 487.115600585938 491.171813964844 486.858093261719 484.835998535156 488.001312255859 492.964385986328 490.819396972656 484.690307617188 477.833312988281 473.025604248047 470.288696289062 466.883605957031 462.289093017578 464.986297607422 466.414306640625 465.634613037109 463.880401611328 462.609588623047 461.380493164062 459.098907470703 451.726898193359 444.938385009766 442.799591064453 424.12548828125 421.374114990234 442.510314941406 442.808197021484 438.351501464844 431.859191894531 426.437286376953 420.611206054688 417.178985595703 422.585113525391 423.502593994141 425.087310791016 430.280792236328 430.55810546875 431.008911132812 432.463195800781 432.622802734375 432.128509521484
463.497314453125 475.672790527344 469.06201171875 449.1953125 436.467895507812 427.790313720703 423.486114501953 427.108489990234 439.776702880859 453.000305175781 463.586486816406 484.39599609375 494.095794677734 490.649291992188 485.100189208984 487.768798828125 493.636901855469 487.317199707031 482.803497314453 479.649291992188 478.085113525391 472.568786621094 466.206085205078 459.915802001953 457.767395019531 455.019012451172 452.566711425781 461.011291503906 464.908294677734 467.722503662109 477.685607910156 475.990905761719 470.298095703125 464.064605712891 432.248596191406 418.771392822266 434.855987548828 438.222686767578 438.639892578125 436.040710449219 423.967590332031 416.293914794922 414.521301269531 425.497406005859 426.493194580078 426.345794677734 429.168212890625 425.4755859375 425.859008789062 431.505310058594 429.8828125 428.584014892578
477.909393310547 475.737487792969 465.628204345703 449.526885986328 429.605499267578 417.536285400391 411.5703125 414.741790771484 446.569885253906 472.176696777344 476.091491699219 489.105712890625 489.629302978516 477.176788330078 482.047912597656 483.795593261719 480.456512451172 459.597991943359 454.631805419922 454.273590087891 453.076202392578 460.442901611328 467.801208496094 473.375 459.190185546875 454.313110351562 459.348388671875 465.902404785156 472.544311523438 477.492309570312 472.640686035156 478.465515136719 485.505798339844 486.901885986328 460.908905029297 436.646789550781 419.662902832031 430.217895507812 434.837585449219 433.503112792969 429.240997314453 425.057006835938 423.893402099609 431.144989013672 431.924896240234 432.362701416016 435.032287597656 425.582092285156 425.191711425781 436.746002197266 442.004699707031 438.689208984375
471.917205810547 460.621704101562 451.621612548828 442.973114013672 421.987487792969 413.264801025391 415.168914794922 432.184600830078 458.752288818359 477.12939453125 477.050689697266 477.334899902344 466.673004150391 447.589904785156 455.700592041016 460.122406005859 459.282989501953 451.560211181641 449.482513427734 449.479187011719 449.012603759766 452.588195800781 456.336212158203 459.427886962891 469.015411376953 466.434997558594 454.077514648438 459.797912597656 467.182586669922 473.620208740234 474.801086425781 475.793487548828 478.18798828125 483.426208496094 474.696990966797 454.691314697266 425.610687255859 426.559692382812 430.165191650391 432.619384765625 429.389587402344 424.308990478516 421.939514160156 431.530303955078 432.040496826172 431.444488525391 433.5244140625 429.920196533203 429.631195068359 434.428009033203 436.736114501953 -9999
462.520904541016 450.127105712891 442.513214111328 438.202606201172 429.2705078125 425.518585205078 430.244812011719 453.606201171875 468.912811279297 475.621398925781 470.772186279297 460.266906738281 445.431701660156 429.019500732422 434.143585205078 439.960510253906 445.220611572266 449.391204833984 448.598205566406 446.592987060547 446.531585693359 450.094787597656 451.027801513672 448.082000732422 467.481201171875 466.855712890625 447.706390380859 450.634307861328 457.340789794922 465.063293457031 470.070190429688 470.269104003906 471.314392089844 477.763793945312 478.407196044922 467.388702392578 443.261505126953 436.465301513672 432.674896240234 430.276397705078 428.461486816406 424.388305664062 422.310089111328 431.22119140625 431.780212402344 431.376892089844 433.509185791016 432.592193603516 429.627014160156 425.542785644531 426.480712890625 -9999
451.805999755859 451.867797851562 445.177307128906 436.877502441406 457.189514160156 457.736114501953 457.018188476562 472.21630859375 471.860687255859 467.691802978516 457.859313964844 440.905395507812 432.495697021484 433.440795898438 426.409088134766 431.439208984375 442.977508544922 450.425811767578 447.031402587891 441.311096191406 441.271301269531 453.520812988281 457.664093017578 445.891693115234 448.646514892578 448.298492431641 443.910400390625 441.673400878906 446.693389892578 453.407501220703 453.938812255859 461.77978515625 470.342193603516 474.271514892578 471.905212402344 471.600006103516 476.707092285156 463.431793212891 446.123809814453 424.650207519531 428.028991699219 428.835601806641 429.183288574219 431.061798095703 432.743896484375 434.591796875 436.914611816406 431.803405761719 422.450714111328 407.880889892578 415.690307617188 425.565490722656
