Variables/MIS4/wtemp.asc
NCOLS 258 
NROWS 132 
XLLCORNER -10.933275447 
YLLCORNER 36.059072361 
CELLSIZE 0.11561 
NODATA_value -9999 
[rows 23 to 45 of 132, columns 156 to 207 of 258]
16.2439308166504 16.0793399810791 16.3161907196045 16.5474796295166 16.6196193695068 16.624439239502 16.6039390563965 16.556209564209 16.4192409515381 15.8606195449829 15.1850900650024 15.1793298721313 15.2719898223877 15.4068403244019 15.5580101013184 15.6393699645996 15.6788101196289 15.6796503067017 15.7461204528809 15.7122497558594 15.5694398880005 15.3213796615601 15.1713600158691 15.0743398666382 14.9694299697876 14.9926099777222 15.0591497421265 15.1341695785522 15.1800298690796 15.2086400985718 15.2183599472046 15.1905202865601 15.1626901626587 15.1350002288818 15.0957403182983 15.0931701660156 15.0990695953369 15.0763301849365 15.0699100494385 15.0525798797607 15.0086498260498 14.9877700805664 14.9916000366211 15.0182304382324 15.0314998626709 15.0388298034668 15.0439300537109 15.0562295913696 15.0648002624512 15.0784597396851 15.1098899841309 15.1331100463867
15.990460395813 15.8595199584961 16.1862106323242 16.5122394561768 16.6467094421387 16.6474208831787 16.6098899841309 16.5311298370361 16.2904491424561 15.7266702651978 15.114520072937 15.1249904632568 15.2825899124146 15.4695997238159 15.605429649353 15.6547603607178 15.6419095993042 15.5630102157593 15.4595804214478 15.3224697113037 15.1498003005981 14.9277601242065 14.8676795959473 14.9069795608521 14.9803495407104 15.0835800170898 15.1784000396729 15.2340297698975 15.2388095855713 15.2232999801636 15.1927404403687 15.1540803909302 15.133620262146 15.1210803985596 15.0699195861816 15.0300703048706 15.0014400482178 14.989520072937 14.9906301498413 14.9904499053955 14.9825000762939 14.9920997619629 14.993709564209 14.9850902557373 14.990909576416 14.9951200485229 14.9968795776367 14.9958200454712 14.9970397949219 15.0054998397827 15.0308504104614 15.0505104064941
15.7735795974731 15.7249803543091 16.1177005767822 16.4831295013428 16.6459808349609 16.6224193572998 16.5488700866699 16.426700592041 16.1147499084473 15.7260303497314 15.3475999832153 15.2260704040527 15.3193798065186 15.4704504013062 15.5651597976685 15.5392799377441 15.4444103240967 15.2682104110718 15.036979675293 14.8522300720215 14.7160301208496 14.6435699462891 14.7331895828247 14.9027395248413 15.0690603256226 15.1812896728516 15.24351978302 15.2274198532104 15.1797800064087 15.1344299316406 15.094539642334 15.0501699447632 15.0382995605469 15.0452098846436 14.9924297332764 14.92506980896 14.8741703033447 14.892689704895 14.9109897613525 14.9331502914429 14.9614400863647 14.9886999130249 14.9727296829224 14.9128303527832 14.9194602966309 14.9301900863647 14.9413003921509 14.9457302093506 14.9548301696777 14.9646701812744 14.9734601974487 14.9758501052856
15.7106103897095 15.7913999557495 16.2017097473145 16.5119209289551 16.5376091003418 16.5045394897461 16.3518600463867 16.0920791625977 15.9170198440552 15.6632995605469 15.393630027771 15.2270603179932 15.2133903503418 15.2357501983643 15.1972103118896 14.9959297180176 14.769229888916 14.5559501647949 14.5996103286743 14.6441602706909 14.6870498657227 14.8378295898438 14.9823503494263 15.1021499633789 15.1175098419189 15.1102695465088 15.0819301605225 15.013500213623 14.9534797668457 14.9152297973633 14.9000997543335 14.8390197753906 14.8205404281616 14.8287496566772 14.7721300125122 14.7399301528931 14.7357597351074 14.7778997421265 14.8041200637817 14.8206100463867 14.8206901550293 14.8233299255371 14.799280166626 14.7501001358032 14.7838001251221 14.8412599563599 14.9068698883057 14.931079864502 14.9451904296875 14.9568004608154 14.9646196365356 14.9774703979492
15.3144702911377 15.814829826355 16.1928100585938 16.4010791778564 16.3813591003418 16.3219299316406 16.1478691101074 15.8415098190308 15.3540897369385 14.9085903167725 14.5984201431274 14.711480140686 14.8464698791504 14.8894596099854 14.7011404037476 14.5022296905518 14.3775196075439 14.376540184021 14.5365600585938 14.6709804534912 14.7611398696899 14.8187799453735 14.8823099136353 14.9189596176147 14.8459501266479 14.8271799087524 14.8056697845459 14.7417802810669 14.6765298843384 14.6308603286743 14.6089696884155 14.5734796524048 14.544939994812 14.5213403701782 14.4895401000977 14.4620800018311 14.454400062561 14.5021696090698 14.5432300567627 14.5666704177856 14.5625896453857 14.5795202255249 14.5940399169922 14.607439994812 14.6664600372314 14.694580078125 14.706859588623 14.7549104690552 14.810040473938 14.852879524231 14.8560104370117 14.858099937439
14.9463701248169 15.8058004379272 16.1276607513428 16.2415904998779 16.213550567627 16.0939407348633 15.8256998062134 15.3884696960449 14.6536197662354 14.1194696426392 13.8621702194214 14.2509698867798 14.4934797286987 14.558500289917 14.3326301574707 14.2300500869751 14.2418003082275 14.3868398666382 14.5392503738403 14.6552295684814 14.7261896133423 14.7079801559448 14.6876001358032 14.6395702362061 14.4878396987915 14.4776096343994 14.4825496673584 14.427619934082 14.328989982605 14.26589012146 14.2554903030396 14.2351903915405 14.2024898529053 14.1697702407837 14.1964902877808 14.1706495285034 14.1422500610352 14.1870098114014 14.2159099578857 14.2363300323486 14.2502899169922 14.3250598907471 14.4102697372437 14.4955501556396 14.5495901107788 14.5400800704956 14.5039196014404 14.5498199462891 14.6253099441528 14.7010803222656 14.7460803985596 14.7105703353882
14.8246202468872 15.7544603347778 16.0070209503174 16.0641307830811 16.0510292053223 15.8046998977661 15.2782096862793 14.4801397323608 13.9027099609375 13.6699600219727 13.7262001037598 14.1788997650146 14.3279495239258 14.3252401351929 14.2724895477295 14.3595504760742 14.4426698684692 14.5084600448608 14.4701204299927 14.440710067749 14.4243497848511 14.5408496856689 14.5133895874023 14.3789100646973 14.1415996551514 14.1240901947021 14.1305599212646 14.066309928894 13.8755702972412 13.7849597930908 13.8350296020508 13.789270401001 13.7661600112915 13.7780799865723 13.9161901473999 13.9051198959351 13.8507699966431 13.8835496902466 13.8479499816895 13.8345899581909 13.8968496322632 14.0775899887085 14.2671899795532 14.447790145874 14.408670425415 14.3782501220703 14.3864498138428 14.3673696517944 14.3890495300293 14.4995803833008 14.6869802474976 14.5684003829956
15.3242101669312 15.7699699401855 15.8691101074219 15.850359916687 15.7531604766846 15.2378396987915 14.656720161438 14.0817403793335 13.647629737854 13.5955801010132 13.8332595825195 14.2972202301025 14.4725399017334 14.5388898849487 14.6002702713013 14.6614198684692 14.7078504562378 14.7273397445679 14.6691303253174 14.5624599456787 14.4472799301147 14.5137195587158 14.4071502685547 14.2076501846313 14.0294303894043 13.8533496856689 13.7066402435303 13.618049621582 13.4538497924805 13.3860702514648 13.4468698501587 13.3995704650879 13.3781995773315 13.4091701507568 13.5832195281982 13.6323299407959 13.6213502883911 13.6116399765015 13.4660701751709 13.3486700057983 13.3497495651245 13.4129104614258 13.6236896514893 13.9339199066162 13.7489099502563 13.6338195800781 13.5942096710205 13.5734300613403 13.5312700271606 13.603569984436 14.0055799484253 14.2102003097534
15.5901699066162 15.6745595932007 15.6589603424072 15.6158199310303 15.5439500808716 15.0262804031372 14.5569000244141 14.2017297744751 13.9407901763916 13.9810800552368 14.2200002670288 14.507740020752 14.6428298950195 14.7145595550537 14.7679195404053 14.7685298919678 14.7519197463989 14.7257099151611 14.7025699615479 14.6224002838135 14.507209777832 14.5045499801636 14.3390102386475 14.0885200500488 13.8613395690918 13.5093402862549 13.226490020752 13.1649198532104 12.9146299362183 12.7859697341919 12.8459100723267 12.8474102020264 12.6996402740479 12.5163898468018 12.7954301834106 12.9449195861816 12.9898500442505 12.9137296676636 12.7608995437622 12.613579750061 12.5161104202271 12.5192003250122 12.8182497024536 13.3502101898193 13.1190004348755 12.996410369873 12.9440803527832 12.7031002044678 12.6252403259277 12.6979303359985 12.9968700408936 13.2170600891113
15.4761199951172 15.4140701293945 15.3501596450806 15.3463201522827 15.4340600967407 15.2110500335693 14.9958295822144 14.8430995941162 14.7122201919556 14.7446804046631 14.8690204620361 14.7661895751953 14.7514200210571 14.75767993927 14.6903495788574 14.584939956665 14.5011901855469 14.4337797164917 14.4600400924683 14.48766040802 14.5510501861572 14.4610500335693 14.274959564209 14.0005102157593 13.5818300247192 13.021089553833 12.647629737854 12.7072095870972 12.1845998764038 11.8958702087402 11.9720497131348 12.047739982605 11.6687202453613 11.0177097320557 11.4971704483032 11.7772197723389 11.8811702728271 11.6843700408936 11.6325197219849 11.5963497161865 11.4002103805542 11.5456104278564 11.9932403564453 12.7844400405884 12.5838203430176 12.541130065918 12.5342702865601 11.8573999404907 11.8258600234985 11.9118099212646 11.7187995910645 11.6244201660156
15.1192798614502 14.872540473938 14.8672199249268 14.8758201599121 14.8137397766113 14.7040100097656 14.6119298934937 14.5564498901367 14.6187696456909 14.6986999511719 14.7399997711182 14.5772495269775 14.5624904632568 14.5380897521973 14.3595504760742 14.0955696105957 13.9389600753784 13.9549598693848 13.8451595306396 13.7386999130249 13.6971702575684 14.0198097229004 13.9529600143433 13.6149396896362 13.0864295959473 12.1289596557617 11.4739799499512 11.708869934082 10.978569984436 10.5435800552368 10.6716299057007 10.7115802764893 10.5795602798462 10.3502101898193 10.3185701370239 10.6045598983765 10.7379999160767 9.90817832946777 10.0253400802612 10.4943504333496 11.1569204330444 11.6749401092529 11.9847898483276 12.0487098693848 11.7145595550537 11.5702695846558 11.5319204330444 11.2911796569824 11.4129199981689 11.5021800994873 11.1112003326416 10.9593000411987
14.3620700836182 14.1825504302979 14.2662000656128 14.3592395782471 14.3664102554321 14.4270696640015 14.4537401199341 14.4420795440674 14.4498796463013 14.461350440979 14.4633102416992 14.4188604354858 14.3765497207642 14.3155498504639 14.2033195495605 13.9176902770996 13.6181201934814 13.3460102081299 13.0131502151489 12.7603797912598 12.7196702957153 13.5406703948975 13.4187002182007 12.7290802001953 11.9298696517944 10.9084196090698 10.1979398727417 10.2641096115112 9.6574764251709 9.31014156341553 9.47070598602295 9.95013809204102 10.149169921875 10.0427198410034 9.57614040374756 9.85109043121338 10.2082901000977 9.70951080322266 9.71433639526367 9.9046573638916 10.2072401046753 10.944109916687 11.0905599594116 10.5644702911377 10.5146703720093 10.6030797958374 10.7241697311401 10.6680698394775 10.8335599899292 10.9888696670532 10.8749799728394 10.8444204330444
13.5048799514771 13.5841302871704 13.7855501174927 13.9503698348999 14.1034202575684 14.3139295578003 14.3928298950195 14.3586702346802 14.2256603240967 14.1466302871704 14.127610206604 14.2879199981689 14.147159576416 13.9797601699829 13.972430229187 13.6791200637817 13.2628498077393 12.6289901733398 12.0333003997803 11.7227201461792 11.7486696243286 12.886269569397 12.5173997879028 11.435040473938 10.5085697174072 9.67234706878662 8.96164798736572 8.60126876831055 8.41666793823242 8.36500644683838 8.49244785308838 9.52060604095459 9.89817428588867 9.74383640289307 8.86451435089111 9.10855674743652 9.87660312652588 10.3496704101562 10.0008201599121 9.47048568725586 8.77095890045166 9.53358268737793 9.51954746246338 8.55581092834473 9.01309299468994 9.4475622177124 9.85069465637207 9.83399200439453 9.89086055755615 10.1326704025269 10.6095695495605 10.7530298233032
13.7228002548218 14.2270698547363 14.2885799407959 14.2716503143311 14.2795295715332 14.0001001358032 13.7621803283691 13.622989654541 13.7744598388672 13.8938302993774 13.9899301528931 14.1003799438477 13.5999698638916 12.9343900680542 12.407320022583 11.9145803451538 11.6895303726196 11.8023300170898 10.9910402297974 11.0532999038696 11.8070001602173 11.2987499237061 10.4585199356079 9.77645492553711 10.3134298324585 9.40931224822998 8.24504089355469 7.47507810592651 7.86677408218384 8.38870811462402 8.81466770172119 8.5166187286377 8.13714694976807 7.63893699645996 6.54674911499023 6.92228317260742 8.00406837463379 9.13031959533691 8.48418807983398 7.82112216949463 7.93089914321899 8.11130237579346 7.9553370475769 7.43141412734985 7.07015419006348 7.1742057800293 7.59594392776489 8.04948043823242 7.85191202163696 7.74429607391357 8.58245277404785 9.060622215271
14.1312599182129 14.3497896194458 14.2148303985596 14.0430002212524 13.9360799789429 13.5510101318359 13.1380300521851 12.7700901031494 12.6638402938843 12.8640403747559 13.1336803436279 12.9330997467041 12.5997400283813 12.0469398498535 11.0851697921753 10.2590303421021 9.96818447113037 10.3288497924805 9.6119384765625 9.67908668518066 10.4737501144409 10.7276201248169 10.1407499313354 9.32299041748047 9.25666046142578 8.37063884735107 7.34345102310181 6.6200737953186 7.21716499328613 7.79120683670044 7.91842985153198 6.85010385513306 6.23439693450928 6.04146194458008 5.74834299087524 6.08649682998657 6.94354820251465 8.46874141693115 7.93193578720093 7.25118780136108 7.34116315841675 7.93203115463257 7.83422708511353 6.96105289459229 6.71400880813599 6.92305898666382 7.46343898773193 8.25749206542969 7.9423189163208 7.68181610107422 8.75492191314697 9.16858005523682
14.3064603805542 14.0268802642822 13.6510000228882 13.4194602966309 13.4404802322388 13.0482597351074 12.5245304107666 11.9196701049805 11.4263200759888 11.562689781189 11.8632001876831 11.0875101089478 11.054479598999 10.8852701187134 9.73378372192383 8.82640361785889 8.5390043258667 9.05716609954834 8.66667556762695 8.7466287612915 9.35127258300781 10.3500900268555 10.0479803085327 9.0155553817749 7.89389514923096 7.15887594223022 6.58229112625122 6.10704898834229 6.62861299514771 7.01719284057617 6.97136402130127 5.37320899963379 4.74600315093994 5.00810098648071 5.76692819595337 6.21503305435181 6.75183296203613 8.07708740234375 7.91085386276245 7.51200914382935 7.38920307159424 8.45512866973877 8.43976879119873 7.17528915405273 7.24113607406616 7.58500623703003 8.14125633239746 9.02470397949219 8.84109687805176 8.69933319091797 9.81763744354248 9.97802543640137
13.5838003158569 13.0090198516846 12.4205503463745 12.343560218811 13.0842199325562 12.54065990448 11.907509803772 11.2873096466064 10.6169204711914 10.4098796844482 10.2074899673462 8.48318004608154 8.51443672180176 8.73440837860107 8.0264310836792 7.85416698455811 8.10693836212158 8.87263298034668 9.36157703399658 9.92407608032227 10.423529624939 9.27316379547119 8.45591259002686 7.71814823150635 6.66837501525879 6.43319320678711 6.45777893066406 6.53852701187134 6.3590259552002 6.51927614212036 7.04175615310669 5.24794101715088 4.58953189849854 4.9699912071228 6.26498985290527 7.40656280517578 8.09649753570557 7.5693998336792 8.17725372314453 8.82371616363525 9.07141399383545 9.45580577850342 9.35658836364746 8.70113563537598 8.35645389556885 8.35462093353271 8.6087532043457 8.95698165893555 9.42106628417969 9.98810863494873 10.6578397750854 10.5517797470093
12.5480899810791 11.5961503982544 11.2286901473999 11.1860799789429 11.4042196273804 11.0779495239258 10.4238195419312 9.47102069854736 8.16774845123291 7.87025213241577 7.97288608551025 7.03283882141113 7.46626996994019 7.96956586837769 7.4389967918396 7.45920991897583 7.54667377471924 7.59709882736206 8.06359100341797 8.52189445495605 8.80049800872803 8.24220943450928 7.47152614593506 6.69307804107666 6.22525119781494 6.0420069694519 6.03980684280396 6.22160387039185 6.08467102050781 6.2923412322998 6.89054584503174 6.27450513839722 6.14848613739014 6.61134195327759 7.74854421615601 8.72263145446777 9.2140645980835 8.46949195861816 8.79604244232178 8.88399791717529 8.06905078887939 8.28036594390869 8.38369846343994 8.19652366638184 8.04480457305908 8.37187099456787 8.94010353088379 9.11420917510986 9.58346652984619 10.155590057373 10.6731395721436 10.9954500198364
11.5639495849609 10.5208902359009 10.1620101928711 9.90324878692627 9.55374908447266 9.25553035736084 8.56864261627197 7.49683094024658 6.48949384689331 6.36059999465942 6.66394519805908 6.4233341217041 7.18786191940308 7.88118600845337 7.5380687713623 7.89005422592163 7.76250505447388 6.81378316879272 7.06518507003784 7.27334880828857 7.33704900741577 7.33985376358032 6.70904493331909 5.89985322952271 5.71103191375732 5.65193796157837 5.70868921279907 5.9240550994873 6.01523017883301 6.06463479995728 6.1154317855835 6.55561399459839 7.12696504592896 7.84604501724243 8.98348045349121 9.82067489624023 10.1714200973511 9.41850757598877 9.0430326461792 8.370041847229 7.03763723373413 7.40787982940674 7.74383401870728 7.80533409118652 8.0448751449585 8.66850185394287 9.40719032287598 9.42188835144043 9.86168384552002 10.4676303863525 11.0551996231079 11.7355403900146
10.7975597381592 10.1905202865601 9.38202381134033 8.55554294586182 7.80570602416992 7.38279390335083 6.63159990310669 5.60188722610474 6.75795602798462 7.13856983184814 7.04552507400513 6.80042791366577 7.60981702804565 8.40229797363281 8.3867769241333 9.42213439941406 9.29563045501709 7.16905498504639 7.42537021636963 7.41703081130981 7.01428604125977 6.7063570022583 6.15200805664062 5.42853498458862 4.84917879104614 5.27497720718384 5.70463991165161 5.90828084945679 6.34286117553711 5.78576993942261 4.01167583465576 5.26879405975342 6.52454090118408 7.85302209854126 9.44813632965088 10.5114603042603 10.9123201370239 9.95619678497314 8.57086753845215 7.45444488525391 7.01946401596069 7.93002986907959 8.42277431488037 8.34939670562744 9.13737297058105 9.74388027191162 10.1364803314209 9.91109752655029 10.5495100021362 11.4578399658203 12.335789680481 13.0083503723145
10.6827001571655 10.4605503082275 10.2856998443604 9.94885635375977 9.32696533203125 8.61733245849609 8.1762523651123 8.00908374786377 7.80931997299194 8.14312934875488 8.6393461227417 8.37956714630127 8.92012310028076 9.64400196075439 10.0992498397827 10.5448999404907 10.48756980896 9.70880699157715 9.03912353515625 9.220383644104 9.81089496612549 8.09242153167725 7.19059801101685 6.88880205154419 6.95806407928467 7.41690683364868 7.90295886993408 8.17031383514404 7.69169998168945 6.77071714401245 5.63669109344482 6.61031198501587 7.41298484802246 8.19860744476318 10.4645395278931 11.2645397186279 11.031849861145 9.76707553863525 8.79919624328613 8.19766616821289 8.14052963256836 8.61533260345459 9.26210975646973 10.0006904602051 10.6295404434204 10.9193897247314 10.9879302978516 11.0778903961182 11.9668502807617 12.9846296310425 13.4897403717041 14.0997400283813
10.8868799209595 10.3948802947998 10.0368700027466 9.56722354888916 8.87262725830078 8.32199859619141 8.02829074859619 7.9831337928772 8.03127288818359 9.22244453430176 10.648980140686 9.99980640411377 10.2753095626831 10.9894504547119 11.9000196456909 11.9241895675659 11.6942901611328 11.3474197387695 10.8941497802734 11.0817604064941 11.5172004699707 9.69600105285645 8.79305076599121 8.54745101928711 8.6815881729126 8.93114471435547 9.21183109283447 9.45301342010498 8.71380043029785 7.70536088943481 6.77792882919312 8.2241268157959 8.97352600097656 9.32378673553467 11.4278402328491 11.8806600570679 11.3107099533081 10.036789894104 9.60273742675781 9.55404472351074 9.80832481384277 10.1400299072266 10.8737201690674 11.9563398361206 12.2569704055786 12.156439781189 11.9790096282959 12.5830402374268 13.5256996154785 14.36559009552 14.5816097259521 14.9891004562378
11.0920295715332 9.8358678817749 8.44717121124268 7.26157522201538 6.29963684082031 6.29219198226929 5.96751499176025 5.36954307556152 7.54020690917969 10.2922096252441 12.8242797851562 11.5313501358032 11.6338396072388 12.3952398300171 13.6981000900269 13.5248699188232 12.9431200027466 11.9940996170044 12.7226696014404 12.667929649353 11.8950700759888 11.2289304733276 10.6486701965332 10.191969871521 9.78035831451416 9.59021282196045 9.51688098907471 9.69253063201904 9.31054592132568 8.47865867614746 7.23087882995605 9.75793552398682 10.9134502410889 11.1858196258545 12.2667798995972 12.3083000183105 11.7623901367188 10.7951097488403 10.79660987854 11.2245798110962 11.9379997253418 12.3704500198364 13.1121301651001 14.1826200485229 13.9086599349976 13.4681396484375 13.101619720459 14.2962999343872 15.0077600479126 15.4721002578735 15.5679397583008 15.6570301055908
