Variables/MIS4/wtemp.asc
NCOLS 258 
NROWS 132 
XLLCORNER -10.933275447 
YLLCORNER 36.059072361 
CELLSIZE 0.11561 
NODATA_value -9999 
[rows 46 to 68 of 132, columns 156 to 207 of 258]
8.41191005706787 7.96327114105225 7.33986377716064 6.83729600906372 6.58736181259155 6.14579582214355 6.10346984863281 6.6818528175354 9.10106372833252 10.9373197555542 12.2322597503662 12.9841995239258 13.6420497894287 14.1443004608154 14.3535299301147 14.3715801239014 14.0592203140259 13.3738203048706 13.636079788208 13.3366498947144 12.5237798690796 12.2073602676392 11.7702398300171 11.3876695632935 11.4834003448486 11.3233804702759 11.254469871521 11.5097103118896 10.2748098373413 9.68364143371582 10.227499961853 11.0906801223755 12.0814504623413 13.0072402954102 13.0055198669434 12.4203796386719 11.6588296890259 11.1838502883911 11.2676696777344 11.7906799316406 12.8431396484375 13.5904502868652 14.2096996307373 14.7111301422119 14.975079536438 14.9875898361206 14.9262895584106 15.3221197128296 15.597559928894 15.7851104736328 15.8710899353027 15.9920902252197
8.53156852722168 8.99443626403809 8.66909599304199 8.44492816925049 8.64947605133057 8.04238891601562 7.84791707992554 8.3830394744873 10.5270299911499 12.0139999389648 13.0482997894287 14.1934099197388 14.8583498001099 15.1562099456787 15.0080604553223 15.0416297912598 14.9263601303101 14.5709295272827 14.6235198974609 14.3854503631592 13.8982496261597 13.7455997467041 13.4645099639893 13.2011098861694 13.2801704406738 13.2024602890015 13.0236597061157 12.7149600982666 11.8185300827026 11.5767698287964 12.272029876709 12.7262802124023 13.1562700271606 13.4451503753662 12.9559001922607 12.6420803070068 12.5369596481323 12.7872200012207 12.9705495834351 13.3934001922607 14.2671298980713 14.8068895339966 15.1695098876953 15.3962602615356 15.643630027771 15.7827100753784 15.8510799407959 15.9388303756714 16.0299606323242 16.1175308227539 16.1931800842285 16.3141803741455
9.87519073486328 10.985710144043 10.5690803527832 10.4549503326416 11.1324100494385 10.7123899459839 10.3947601318359 10.3371095657349 11.9818496704102 13.4455404281616 14.6413698196411 15.199990272522 15.5298404693604 15.6925802230835 15.6445903778076 15.637749671936 15.6272802352905 15.6056699752808 15.6048202514648 15.5691003799438 15.5120601654053 15.4297399520874 15.3021697998047 15.1760196685791 14.9852304458618 14.9575300216675 14.6772203445435 13.6826400756836 13.6744499206543 13.7759399414062 13.8800201416016 14.4400196075439 14.2218103408813 13.3917303085327 12.783670425415 13.160590171814 13.9896402359009 14.9163198471069 15.1633100509644 15.3961801528931 15.8077297210693 15.8964700698853 15.9799499511719 16.0722904205322 16.0728092193604 16.1303291320801 16.2240104675293 16.3140392303467 16.3978290557861 16.4737300872803 16.5326499938965 16.6987991333008
8.47828769683838 8.6681432723999 8.50590133666992 8.7607536315918 9.84714508056641 11.4870700836182 12.4225301742554 12.7175102233887 14.2298002243042 15.1739902496338 15.6857099533081 15.9476203918457 16.0931491851807 16.1844902038574 16.2471408843994 16.2587108612061 16.2581100463867 16.2509899139404 16.213249206543 16.1602001190186 16.1026096343994 16.1047401428223 16.1035709381104 16.0844593048096 16.0041007995605 15.9911298751831 15.8551197052002 15.4161100387573 15.3828897476196 15.4899101257324 15.6852102279663 15.6293897628784 15.3676099777222 14.9321804046631 14.3345098495483 14.5919103622437 15.2476596832275 15.8891401290894 16.053409576416 16.1242599487305 16.2379302978516 16.2778301239014 16.3316192626953 16.4083995819092 16.4582595825195 16.5270595550537 16.6082592010498 16.6832809448242 16.7490196228027 16.81130027771 16.8747291564941 17.3289909362793
8.21041870117188 8.78397560119629 9.32679080963135 10.2239799499512 11.7235498428345 13.4827995300293 14.5595903396606 14.9677801132202 15.7137804031372 16.1579208374023 16.3769092559814 16.5114002227783 16.5662403106689 16.6074905395508 16.6831607818604 16.7009391784668 16.7142391204834 16.7364692687988 16.7301292419434 16.6931495666504 16.6435508728027 16.6690101623535 16.6846694946289 16.6855506896973 16.6601600646973 16.6011505126953 16.5174808502197 16.4069995880127 16.3737907409668 16.4163398742676 16.5178699493408 16.4235095977783 16.2797298431396 16.091100692749 15.7899799346924 15.8915300369263 16.1909694671631 16.5087890625 16.5896301269531 16.6175708770752 16.6646404266357 16.7013492584229 16.7510890960693 16.8169593811035 16.8821792602539 16.9528102874756 17.0226001739502 17.0711402893066 17.1223697662354 17.1769695281982 17.2436790466309 17.6445693969727
8.49985599517822 9.7927074432373 11.1411104202271 12.6387100219727 14.3415699005127 15.513219833374 16.2556095123291 16.5975894927979 16.6584796905518 16.7466297149658 16.8512992858887 16.9262409210205 16.9455890655518 16.9629993438721 17.0238094329834 17.0410003662109 17.0643501281738 17.1076698303223 17.1404705047607 17.1368503570557 17.108829498291 17.1418209075928 17.1512107849121 17.1488990783691 17.1535491943359 17.0662002563477 17.0089702606201 17.0732498168945 17.0408592224121 17.014310836792 17.0139293670654 17.0303707122803 17.0303592681885 17.0125408172607 16.9661998748779 16.9471492767334 16.9612007141113 17.0400791168213 17.0493698120117 17.0622406005859 17.1131591796875 17.167200088501 17.218599319458 17.2676391601562 17.3293991088867 17.3907108306885 17.4463901519775 17.4749698638916 17.5128993988037 17.5589008331299 17.6168193817139 17.8671493530273
9.17354774475098 10.8474197387695 12.7812204360962 14.5818300247192 16.1071090698242 16.5256004333496 16.7695293426514 16.8973598480225 16.9609298706055 17.027660369873 17.0962696075439 17.1381301879883 17.1725692749023 17.2138900756836 17.2687892913818 17.286979675293 17.3072395324707 17.3331394195557 17.367919921875 17.4067096710205 17.4489498138428 17.4837894439697 17.5146808624268 17.5434398651123 17.566370010376 17.5372295379639 17.5325508117676 17.6082305908203 17.5463008880615 17.4973297119141 17.483980178833 17.5234508514404 17.5940093994141 17.6678295135498 17.5519008636475 17.5429191589355 17.585880279541 17.6438903808594 17.6121406555176 17.5875797271729 17.6178302764893 17.6896495819092 17.7385196685791 17.7578601837158 17.799840927124 17.8342094421387 17.8636798858643 17.9015293121338 17.9278907775879 17.9565200805664 18.0188407897949 18.1461296081543
11.7178001403809 12.9028797149658 14.4572696685791 15.8009796142578 16.6201705932617 16.8070392608643 16.8859004974365 16.9487590789795 17.067310333252 17.1561698913574 17.2235794067383 17.2888603210449 17.3294792175293 17.3684692382812 17.4238605499268 17.4312801361084 17.4632797241211 17.5446090698242 17.6140308380127 17.6772708892822 17.7361602783203 17.7952499389648 17.8480701446533 17.8962097167969 17.9398307800293 17.9670791625977 17.997579574585 18.0443096160889 18.0530490875244 18.0683898925781 18.0995006561279 18.1201190948486 18.1529598236084 18.1846904754639 18.1521492004395 18.178430557251 18.2223796844482 18.2308502197266 18.1949501037598 18.1529407501221 18.1259593963623 18.200080871582 18.2564601898193 18.2764797210693 18.300329208374 18.3035507202148 18.3042602539062 18.3608703613281 18.4299201965332 18.4918594360352 18.5225601196289 18.5416107177734
13.1247596740723 14.3638296127319 15.6541700363159 16.5866794586182 16.9088497161865 16.9613800048828 16.9911594390869 17.0393905639648 17.1718502044678 17.2705402374268 17.346399307251 17.4268608093262 17.4752407073975 17.5203990936279 17.5852203369141 17.6110401153564 17.6456394195557 17.7010498046875 17.7084293365479 17.7615699768066 17.8677291870117 18.0301399230957 18.1461391448975 18.2321701049805 18.3049201965332 18.3749103546143 18.4349193572998 18.4762001037598 18.5403099060059 18.610710144043 18.6807804107666 18.7047691345215 18.722339630127 18.7397994995117 18.7713108062744 18.8182201385498 18.8537292480469 18.8296203613281 18.8193397521973 18.79421043396 18.738899230957 18.7750091552734 18.7964096069336 18.7893505096436 18.8002109527588 18.793830871582 18.7882709503174 18.8505897521973 18.9288005828857 18.9977493286133 19.0249500274658 18.9877796173096
12.4527797698975 14.7461004257202 16.1324005126953 16.9336395263672 17.0785598754883 17.1334705352783 17.1851196289062 17.2447605133057 17.3235092163086 17.4064598083496 17.4890804290771 17.5604400634766 17.6265296936035 17.6947002410889 17.7746295928955 17.859619140625 17.8711700439453 17.7879104614258 17.550500869751 17.5524501800537 17.7807197570801 18.1327095031738 18.3500308990479 18.5308094024658 18.6518707275391 18.7475204467773 18.844030380249 18.9179096221924 18.9988708496094 19.0863800048828 19.1829109191895 19.2416191101074 19.3050098419189 19.3713207244873 19.4128398895264 19.4543800354004 19.4768104553223 19.4494209289551 19.4954395294189 19.5274696350098 19.5084209442139 19.4433498382568 19.3714504241943 19.2840099334717 19.2982692718506 19.3150196075439 19.3331203460693 19.3785800933838 19.402530670166 19.4303607940674 19.5044403076172 19.4798698425293
12.062310218811 14.8353204727173 16.3298492431641 17.0861396789551 17.1405391693115 17.2124004364014 17.2654991149902 17.3073596954346 17.428539276123 17.5074405670166 17.5659809112549 17.6637096405029 17.7884197235107 17.9052600860596 17.9786605834961 17.9599704742432 17.8091602325439 17.4803695678711 16.9670391082764 16.9838409423828 17.4578990936279 17.6911392211914 17.8949298858643 18.1427803039551 18.5909805297852 18.924560546875 19.1823692321777 19.3532791137695 19.4521102905273 19.5428199768066 19.6394691467285 19.7478199005127 19.848669052124 19.9426803588867 20.0352993011475 20.1156101226807 20.1661396026611 20.139799118042 20.1478996276855 20.1519508361816 20.131139755249 20.0791893005371 19.9891300201416 19.8770198822021 19.9118309020996 19.9439105987549 19.9648303985596 19.9727401733398 19.9394207000732 19.939489364624 20.072380065918 20.0658798217773
11.9109497070312 14.366660118103 15.9855699539185 16.9315395355225 17.1115398406982 17.2204208374023 17.2932090759277 17.3362693786621 17.355339050293 17.4361896514893 17.5610504150391 17.7032203674316 17.7902507781982 17.8437004089355 17.8655109405518 17.8864898681641 17.6925296783447 17.1857795715332 16.6747703552246 16.6540699005127 17.0429306030273 17.2269191741943 17.5705890655518 18.0306606292725 18.5778007507324 18.9019107818604 19.1775302886963 19.4937000274658 19.710620880127 19.9018096923828 20.0830001831055 20.2759094238281 20.416540145874 20.5198402404785 20.648380279541 20.7624206542969 20.8389892578125 20.8190498352051 20.8089408874512 20.795539855957 20.7707195281982 20.7303009033203 20.6551895141602 20.5579795837402 20.5879707336426 20.6104106903076 20.6091403961182 20.5473804473877 20.4962196350098 20.505729675293 20.6634998321533 20.6271190643311
11.9639596939087 13.5208797454834 15.2988796234131 16.5677108764648 17.0277900695801 17.1836395263672 17.2872905731201 17.3491992950439 17.1543197631836 17.2520408630371 17.5061702728271 17.6973209381104 17.6914291381836 17.6049308776855 17.5372295379639 17.7506008148193 17.7152900695801 17.0324802398682 16.8476600646973 16.7359294891357 16.6863803863525 16.9178905487061 17.4796390533447 18.1632308959961 18.6024703979492 18.665210723877 18.8087406158447 19.3208198547363 19.714599609375 20.0893497467041 20.4388103485107 20.7014503479004 20.8858394622803 21.0340805053711 21.1737308502197 21.3088893890381 21.4363994598389 21.4323902130127 21.4080696105957 21.3995800018311 21.3775691986084 21.3282508850098 21.2887001037598 21.2582302093506 21.2367305755615 21.2223091125488 21.2117290496826 21.0580406188965 21.0184192657471 21.0756397247314 21.2218208312988 21.105260848999
12.1123600006104 13.6329202651978 15.2989902496338 16.5385398864746 17.0229396820068 17.2100391387939 17.2993202209473 17.305549621582 17.1379108428955 17.2937602996826 17.6188697814941 17.7639904022217 17.8515491485596 17.8934192657471 18.047119140625 18.2236804962158 18.3833293914795 18.3276596069336 18.1538791656494 17.905740737915 17.5988998413086 17.5937404632568 17.7274494171143 17.9751491546631 18.3817405700684 18.0793399810791 17.9416904449463 18.6061496734619 19.1921100616455 19.6837196350098 20.0598297119141 20.2805004119873 20.5708503723145 20.9009990692139 21.0842399597168 21.3313102722168 21.5510807037354 21.5813903808594 21.5630702972412 21.5316295623779 21.4988307952881 21.4747905731201 21.4473304748535 21.4139308929443 21.3703193664551 21.3480205535889 21.3268699645996 21.2332992553711 21.2581996917725 21.3091907501221 21.3019008636475 21.2551002502441
12.1677303314209 13.1387796401978 14.5208702087402 15.5715799331665 15.905369758606 15.9546899795532 16.1023902893066 16.3955192565918 16.760570526123 17.1603298187256 17.5864200592041 18.0423793792725 -9999 -9999 -9999 -9999 -9999 -9999 -9999 18.3585605621338 18.685489654541 18.4686603546143 18.4463291168213 18.5224208831787 18.85671043396 18.595739364624 18.2588901519775 18.1660804748535 18.3153705596924 18.6373100280762 19.110050201416 19.4430694580078 19.9634094238281 20.5790691375732 20.8526401519775 21.0792694091797 21.26003074646 21.3466892242432 21.4446601867676 21.5316905975342 21.5892295837402 21.564489364624 21.5294494628906 21.4967708587646 21.4603805541992 21.4448108673096 21.4354190826416 21.3873805999756 21.4139003753662 21.4486408233643 21.4243793487549 21.4051704406738
12.4632501602173 12.593560218811 13.3711395263672 14.0859603881836 14.4654397964478 14.3821697235107 14.7044801712036 15.4841995239258 16.5043601989746 17.1644306182861 17.6559505462646 -9999 -9999 -9999 -9999 -9999 -9999 -9999 -9999 -9999 -9999 18.6000308990479 19.2649707794189 19.3235092163086 19.5795097351074 19.5239105224609 19.0806198120117 17.9985198974609 17.7465400695801 17.8307800292969 18.2243003845215 18.6255397796631 19.3021297454834 20.1336402893066 20.5222492218018 20.7105693817139 20.8130397796631 20.9440002441406 21.1461200714111 21.3634204864502 21.5673694610596 21.5641002655029 21.5466003417969 21.5359001159668 21.530029296875 21.5218200683594 21.5141696929932 21.5124893188477 21.5206699371338 21.534460067749 21.5499897003174 21.5451793670654
13.8297300338745 13.1285495758057 12.4583902359009 12.5667600631714 13.9669303894043 14.1422996520996 14.9049100875854 16.334810256958 17.4030494689941 17.9963703155518 -9999 -9999 -9999 -9999 -9999 -9999 -9999 -9999 -9999 -9999 -9999 -9999 -9999 19.5111598968506 19.7914009094238 19.7934703826904 19.398229598999 18.3817100524902 18.8853092193604 19.0867195129395 18.6607894897461 18.6288795471191 18.9459590911865 19.5082893371582 20.0833492279053 20.4077606201172 20.5776500701904 20.6763095855713 20.6968002319336 20.8152408599854 21.1625308990479 21.3168792724609 21.4435596466064 21.5562896728516 21.5790996551514 21.5415706634521 21.4900093078613 21.5614891052246 21.5892105102539 21.5978107452393 21.6018390655518 21.6213397979736
15.8084897994995 15.308629989624 14.4638996124268 14.3460702896118 15.4882898330688 15.7540502548218 16.3131294250488 17.2531795501709 17.9753398895264 -9999 -9999 -9999 -9999 -9999 -9999 -9999 -9999 -9999 -9999 -9999 -9999 -9999 -9999 18.454610824585 19.8475704193115 19.9633407592773 19.8930492401123 19.568359375 19.8141708374023 19.8993492126465 19.678409576416 19.7166805267334 19.9957408905029 20.4252490997314 20.7456302642822 20.9174995422363 21.00705909729 21.0476608276367 20.8320503234863 20.5851001739502 20.4312000274658 20.8036499023438 21.1145095825195 21.2592792510986 21.3382797241211 21.3427505493164 21.3528003692627 21.6126098632812 21.6525802612305 21.6095294952393 21.587230682373 21.6101207733154
17.4070701599121 17.3966808319092 16.723560333252 17.0360507965088 17.3554401397705 17.3274803161621 -9999 -9999 -9999 -9999 -9999 -9999 -9999 -9999 -9999 -9999 -9999 -9999 -9999 -9999 -9999 -9999 -9999 -9999 -9999 20.0847492218018 20.2782402038574 20.480640411377 20.400899887085 20.3937892913818 20.5338191986084 20.6912593841553 20.9834499359131 21.3403491973877 21.4368495941162 21.4958801269531 21.5228004455566 21.4956092834473 20.9823608398438 20.4323406219482 20.0550708770752 20.3782005310059 20.6368198394775 20.7304992675781 20.8922901153564 21.0358390808105 21.2059001922607 21.5951995849609 21.6606407165527 21.6069297790527 21.5829200744629 21.586950302124
17.8793296813965 18.2987194061279 -9999 -9999 -9999 -9999 -9999 -9999 -9999 -9999 -9999 -9999 -9999 -9999 -9999 -9999 -9999 -9999 -9999 -9999 -9999 -9999 -9999 -9999 -9999 19.1758899688721 20.3385791778564 20.4819793701172 20.4412708282471 20.5205707550049 20.7828903198242 20.7902793884277 20.9936294555664 21.3279209136963 21.5283508300781 21.6984691619873 21.810510635376 21.6995105743408 20.8252391815186 20.2626991271973 20.6577301025391 20.3061599731445 20.0385303497314 19.9017105102539 20.2348594665527 20.6621894836426 21.1349906921387 21.4371204376221 21.5537109375 21.604959487915 21.6426792144775 21.5939903259277
-9999 -9999 -9999 -9999 -9999 -9999 -9999 -9999 -9999 -9999 -9999 -9999 -9999 -9999 -9999 -9999 -9999 -9999 -9999 -9999 -9999 -9999 -9999 -9999 -9999 -9999 19.3454093933105 20.448169708252 20.4723606109619 20.543830871582 20.6960601806641 20.8312397003174 21.0527000427246 21.3218898773193 21.4707794189453 21.5949001312256 21.6603202819824 21.567440032959 21.2260208129883 20.951509475708 20.9116497039795 20.7601795196533 20.6777591705322 20.6748504638672 20.5304908752441 20.6747894287109 20.9792003631592 21.0741195678711 21.2602100372314 21.4625492095947 21.6035900115967 21.6244697570801
-9999 -9999 -9999 -9999 -9999 -9999 -9999 -9999 -9999 -9999 -9999 -9999 -9999 -9999 -9999 -9999 -9999 -9999 -9999 -9999 -9999 -9999 -9999 -9999 -9999 16.1712799072266 18.0427894592285 19.7308692932129 20.5359191894531 20.5970706939697 20.6842708587646 20.8475494384766 21.013500213623 21.1833000183105 21.3915596008301 21.4769306182861 21.4835395812988 21.4244594573975 21.4569301605225 21.420919418335 21.2235908508301 21.1733493804932 21.1676406860352 21.1671905517578 20.9628200531006 20.9022006988525 20.9238891601562 20.8228797912598 20.9390296936035 21.1448993682861 21.3556308746338 21.4874305725098
-9999 -9999 -9999 -9999 -9999 -9999 -9999 -9999 -9999 -9999 -9999 -9999 -9999 -9999 -9999 -9999 -9999 -9999 -9999 -9999 -9999 -9999 -9999 -9999 -9999 -9999 -9999 18.8842792510986 20.3929691314697 20.7033596038818 20.7968597412109 20.8490009307861 20.8620796203613 20.8751907348633 21.3039207458496 21.3979206085205 21.3510608673096 21.3247299194336 21.3853206634521 21.4702491760254 21.6142101287842 21.4220600128174 21.2417392730713 21.0842399597168 21.3458995819092 21.2795696258545 21.0033893585205 20.7662391662598 20.6717395782471 20.6697101593018 20.8744602203369 21.1394596099854
