Variables/MIS4/wtemp.asc
NCOLS 258 
NROWS 132 
XLLCORNER -10.933275447 
YLLCORNER 36.059072361 
CELLSIZE 0.11561 
NODATA_value -9999 
[rows 0 to 22 of 132, columns 156 to 207 of 258]
16.9374294281006 16.510799407959 16.343469619751 16.2708606719971 16.2556705474854 16.1860809326172 16.1392593383789 16.1166191101074 16.0534992218018 15.9988298416138 15.913990020752 15.6617202758789 15.5375699996948 15.5506200790405 15.7774496078491 15.922550201416 16.0047607421875 16.0164108276367 16.0135707855225 16.0516204833984 16.1090297698975 16.0198307037354 15.8915195465088 15.8037595748901 15.9416399002075 15.9394798278809 15.8640203475952 15.7266597747803 15.776780128479 15.832389831543 15.8595104217529 15.8749599456787 15.9001197814941 15.9357099533081 15.9867897033691 15.9891700744629 15.9660301208496 15.9345598220825 15.9468803405762 15.9739904403687 16.0077991485596 16.0278301239014 16.0447807312012 16.0601005554199 16.0739498138428 16.0831604003906 16.087739944458 16.0841693878174 16.0705699920654 16.0527896881104 16.0345096588135 16.0468902587891
16.8516292572021 16.479190826416 16.3155899047852 16.2223205566406 16.1577606201172 16.0718803405762 16.0289993286133 16.0240097045898 15.9603700637817 15.8759498596191 15.7630195617676 15.5766496658325 15.5279397964478 15.5979900360107 15.8243703842163 15.891900062561 15.9134397506714 15.9225301742554 16.0079593658447 16.0658893585205 16.0760192871094 15.988730430603 15.8667001724243 15.7801704406738 15.8770198822021 15.8681297302246 15.8209896087646 15.7667198181152 15.7728500366211 15.8093299865723 15.8660001754761 15.8749198913574 15.8966102600098 15.9313201904297 15.963809967041 15.9338998794556 15.8876800537109 15.8824396133423 15.8948698043823 15.9148101806641 15.9392900466919 15.9515199661255 15.9666204452515 15.9873695373535 16.0114994049072 16.0166206359863 16.0070400238037 15.9900197982788 15.9737701416016 15.9513301849365 15.9121704101562 15.9262399673462
16.8179893493652 16.5046806335449 16.3734092712402 16.2738609313965 16.1601390838623 16.0494995117188 16.0020294189453 16.0099391937256 15.9415798187256 15.8069295883179 15.6557598114014 15.6171197891235 15.6706199645996 15.7807102203369 15.9446601867676 15.9121599197388 15.8734903335571 15.8831701278687 16.0340900421143 16.0661296844482 15.9848203659058 15.9249496459961 15.8699703216553 15.8310403823853 15.8422899246216 15.8186597824097 15.8037004470825 15.828800201416 15.7540397644043 15.7427196502686 15.8250503540039 15.8345899581909 15.8624200820923 15.900239944458 15.8853597640991 15.8335800170898 15.7836799621582 15.7935199737549 15.8175897598267 15.8389596939087 15.8483200073242 15.8487195968628 15.8594398498535 15.8833999633789 15.9170999526978 15.9231796264648 15.9083499908447 15.8823003768921 15.8556098937988 15.8231601715088 15.7754802703857 15.7801399230957
16.8533992767334 16.5721797943115 16.4514808654785 16.3617706298828 16.2600708007812 16.1347503662109 16.0679092407227 16.057710647583 15.9974699020386 15.8202495574951 15.630069732666 15.7323598861694 15.8280096054077 15.9305896759033 16.0454902648926 16.0346698760986 15.992639541626 15.9365196228027 16.0093193054199 15.9310703277588 15.7292499542236 15.7423400878906 15.8188800811768 15.8873701095581 15.7979698181152 15.8109397888184 15.8215703964233 15.7502298355103 15.6244201660156 15.5781002044678 15.6432199478149 15.6617002487183 15.6970701217651 15.7352600097656 15.6675395965576 15.6233100891113 15.5950698852539 15.5947799682617 15.6706104278564 15.7220802307129 15.7023296356201 15.6976900100708 15.7079801559448 15.7317199707031 15.7426795959473 15.7614498138428 15.778450012207 15.7537803649902 15.7049398422241 15.6585302352905 15.6395902633667 15.6051397323608
16.8472900390625 16.5769500732422 16.4576301574707 16.37965965271 16.3076305389404 16.2208499908447 16.1238803863525 16.0182304382324 15.9084100723267 15.8354902267456 15.7973804473877 15.8067102432251 15.8971395492554 16.005989074707 16.0859107971191 16.0615501403809 16.0039100646973 15.9347896575928 15.9363803863525 15.8610696792603 15.735520362854 15.7751398086548 15.8080501556396 15.8118896484375 15.7402095794678 15.6826496124268 15.6511602401733 15.6605100631714 15.5523300170898 15.3985204696655 15.2314100265503 15.2555904388428 15.3501396179199 15.4677400588989 15.4803800582886 15.4887599945068 15.5028800964355 15.5362300872803 15.6082801818848 15.6313199996948 15.5505800247192 15.5460901260376 15.5704298019409 15.6074800491333 15.589940071106 15.6060695648193 15.6322402954102 15.5837697982788 15.5153398513794 15.4546699523926 15.4343004226685 15.4052495956421
16.7443599700928 16.5445804595947 16.4353408813477 16.3583202362061 16.2992897033691 16.2331695556641 16.1139392852783 15.9479303359985 15.8288202285767 15.8573904037476 15.9505996704102 15.9214496612549 15.9838895797729 16.0650196075439 16.1091403961182 16.0636100769043 15.9868402481079 15.8894596099854 15.7903203964233 15.7382698059082 15.7376403808594 15.802300453186 15.7861299514771 15.7153396606445 15.6099700927734 15.4772500991821 15.419810295105 15.5348901748657 15.4854402542114 15.3141803741455 15.0389204025269 14.9883403778076 15.0261497497559 15.1208000183105 15.2162504196167 15.2752799987793 15.3336400985718 15.4449396133423 15.4815502166748 15.4620704650879 15.3780298233032 15.3788604736328 15.4108200073242 15.4578199386597 15.4335899353027 15.4299602508545 15.4308595657349 15.3683300018311 15.292989730835 15.2188501358032 15.1612100601196 15.1344804763794
16.4979400634766 16.4821891784668 16.3969192504883 16.3054790496826 16.2179508209229 16.1350994110107 16.0122509002686 15.8508396148682 15.8284502029419 15.8991003036499 16.0215396881104 16.1077308654785 16.1184501647949 16.119649887085 16.1178894042969 16.0658798217773 15.9681797027588 15.8124904632568 15.5628099441528 15.5211601257324 15.6679201126099 15.7428598403931 15.7269601821899 15.6259498596191 15.3689002990723 15.2072801589966 15.1699895858765 15.3511199951172 15.4133501052856 15.3854303359985 15.2944898605347 15.0347995758057 14.8334197998047 14.66921043396 14.8330698013306 14.9237604141235 15.013090133667 15.2536401748657 15.2172002792358 15.1612300872803 15.1808595657349 15.187029838562 15.212010383606 15.2552700042725 15.2627000808716 15.2114095687866 15.1394996643066 15.0821104049683 15.0066900253296 14.9345703125 14.7987699508667 14.7585897445679
16.1849308013916 16.3321990966797 16.3844795227051 16.3840408325195 16.3293895721436 16.1674098968506 16.0771598815918 16.0750102996826 16.1004791259766 16.1025505065918 16.0844898223877 16.0475292205811 16.02952003479 16.0454902648926 16.1238098144531 16.1182708740234 16.0471591949463 15.898380279541 15.6520700454712 15.5504102706909 15.5904397964478 15.6497097015381 15.6010303497314 15.4427995681763 15.1033201217651 15.1148700714111 15.2675104141235 15.4819002151489 15.4822702407837 15.4321002960205 15.3590002059937 15.2352800369263 15.0747203826904 14.9061403274536 14.8409099578857 14.8328399658203 14.861439704895 14.9256801605225 14.9110298156738 14.9202299118042 15.0059700012207 14.9958801269531 15.0313596725464 15.1185903549194 15.0706300735474 14.8786201477051 14.6045799255371 14.3786296844482 14.3022804260254 14.2617797851562 14.1614303588867 14.3507604598999
16.087760925293 16.2479991912842 16.3506908416748 16.3902492523193 16.3441009521484 16.1865501403809 16.1082592010498 16.1262302398682 16.171049118042 16.1387805938721 16.0447807312012 15.899510383606 15.919810295105 16.0125102996826 16.1303806304932 16.1407794952393 16.0916404724121 15.9812297821045 15.7817497253418 15.6512203216553 15.6008701324463 15.6166095733643 15.542799949646 15.3885202407837 15.1267004013062 15.2291898727417 15.4232902526855 15.5664901733398 15.5280704498291 15.4648399353027 15.4114398956299 15.381739616394 15.295280456543 15.1638097763062 15.0379400253296 14.9875497817993 14.9562997817993 14.8733901977539 14.7996101379395 14.7809400558472 14.8550796508789 14.8678598403931 14.8865804672241 14.9139404296875 14.8660697937012 14.6933603286743 14.4498300552368 14.2580795288086 14.2419500350952 14.271900177002 14.2397804260254 14.3386898040771
16.2004795074463 16.2337493896484 16.2832202911377 16.2958793640137 16.2440605163574 16.1683692932129 16.0876007080078 15.9967498779297 16.0283908843994 16.013650894165 15.9309597015381 15.7369899749756 15.8603401184082 16.0404300689697 16.1404094696045 16.1299800872803 16.0921096801758 16.0459499359131 15.8965997695923 15.7710199356079 15.6819200515747 15.6430101394653 15.5684003829956 15.4759101867676 15.4270896911621 15.5036697387695 15.5879001617432 15.5827903747559 15.5351696014404 15.4879302978516 15.4493799209595 15.4495096206665 15.4253902435303 15.39208984375 15.343560218811 15.2973499298096 15.2483901977539 15.0895299911499 14.897029876709 14.7559795379639 14.7268295288086 14.7877798080444 14.7713203430176 14.6502799987793 14.6837301254272 14.6884098052979 14.6815900802612 14.70285987854 14.7677402496338 14.8895196914673 14.958930015564 14.6674900054932
16.2406196594238 16.218189239502 16.1445999145508 16.0641193389893 15.9975996017456 16.0808792114258 16.0793895721436 15.9883499145508 16.0031204223633 16.0591907501221 16.1170597076416 16.0786991119385 16.1079597473145 16.1495895385742 16.1609706878662 16.136589050293 16.0973892211914 16.0404605865479 15.8777799606323 15.7293796539307 15.6203804016113 15.6448402404785 15.6617298126221 15.6671600341797 15.6533699035645 15.6417903900146 15.6250801086426 15.5958795547485 15.5549697875977 15.5201597213745 15.4940395355225 15.4500102996826 15.437629699707 15.4302797317505 15.2916603088379 15.2343301773071 15.2146301269531 15.1889801025391 15.091609954834 14.9244499206543 14.6693601608276 14.6006898880005 14.6289596557617 14.731650352478 14.7781400680542 14.8453598022461 14.8864898681641 14.7072200775146 14.57546043396 14.5201301574707 14.6168804168701 14.6211595535278
16.222620010376 16.1099700927734 16.0468692779541 15.9785299301147 15.8944997787476 16.0160102844238 16.1077899932861 16.1378402709961 16.1335391998291 16.1703090667725 16.2217502593994 16.2203502655029 16.2079906463623 16.1888008117676 16.1622104644775 16.1378002166748 16.1057205200195 16.0538196563721 15.8988599777222 15.7229604721069 15.5750999450684 15.6586799621582 15.7250003814697 15.7576103210449 15.7255697250366 15.6910200119019 15.6657199859619 15.6588401794434 15.5912599563599 15.5259799957275 15.479100227356 15.4514303207397 15.4544897079468 15.4443597793579 15.2341003417969 15.156120300293 15.1485004425049 15.1555404663086 15.1327104568481 15.0127601623535 14.7393198013306 14.6274795532227 14.6239900588989 14.7138500213623 14.8174104690552 14.8583002090454 14.823390007019 14.6353197097778 14.5279998779297 14.4917297363281 14.5559997558594 14.6407699584961
16.155689239502 15.9677200317383 15.9943704605103 16.0014991760254 15.9062404632568 16.0092792510986 16.1584205627441 16.3281993865967 16.300989151001 16.2811698913574 16.266529083252 16.2313003540039 16.2098197937012 16.1817207336426 16.1267795562744 16.1084804534912 16.0885791778564 16.0504608154297 15.9265699386597 15.7481498718262 15.5566701889038 15.6920700073242 15.7616996765137 15.77476978302 15.7088003158569 15.6929798126221 15.7026395797729 15.734169960022 15.6154699325562 15.5049200057983 15.4304800033569 15.455340385437 15.4743404388428 15.4564504623413 15.2141599655151 15.1144104003906 15.0797700881958 15.057089805603 15.074179649353 15.0324201583862 14.8662900924683 14.788140296936 14.728289604187 14.6858997344971 14.8286600112915 14.7808504104614 14.617790222168 14.5517101287842 14.6057901382446 14.6808300018311 14.6885995864868 14.7419500350952
16.0220794677734 15.9353504180908 16.0165500640869 16.1010494232178 16.1308498382568 16.1809196472168 16.2119197845459 16.2223491668701 16.2367897033691 16.254789352417 16.265209197998 16.2304801940918 16.2179107666016 16.1617298126221 15.9832801818848 15.9697599411011 15.9535398483276 15.8924198150635 15.8635997772217 15.7948799133301 15.7072401046753 15.777379989624 15.773229598999 15.7310600280762 15.7022104263306 15.6982402801514 15.7018699645996 15.7036199569702 15.550760269165 15.4375200271606 15.4067602157593 15.4590797424316 15.4780902862549 15.4553699493408 15.3445901870728 15.201060295105 15.0680198669434 15.0162401199341 14.9990301132202 14.9811401367188 14.9479198455811 14.9581499099731 14.9431600570679 14.8976001739502 14.8936901092529 14.710410118103 14.4680995941162 14.5859403610229 14.7299900054932 14.8567895889282 14.9074602127075 14.9605798721313
16.0172805786133 15.9663400650024 16.037109375 16.1226501464844 16.180549621582 16.1903495788574 16.1686592102051 16.1330394744873 16.178409576416 16.2397193908691 16.2866592407227 16.2462406158447 16.2302207946777 16.1633396148682 15.9561100006104 15.8663597106934 15.8004999160767 15.7383899688721 15.7397699356079 15.7142496109009 15.6715803146362 15.7134799957275 15.7264699935913 15.7152795791626 15.6826601028442 15.6681699752808 15.6495800018311 15.6081104278564 15.5140695571899 15.4398097991943 15.4072504043579 15.4225797653198 15.4359502792358 15.4324598312378 15.3634700775146 15.2353401184082 15.0988397598267 15.0201597213745 14.9876804351807 14.9819498062134 15.001669883728 15.0089302062988 15.0131101608276 15.0085802078247 14.9391498565674 14.7621698379517 14.5689697265625 14.6267204284668 14.7548398971558 14.8907604217529 14.9785995483398 15.0353803634644
16.0961894989014 16.0577697753906 16.1047401428223 16.1583194732666 16.1898307800293 16.165340423584 16.1192092895508 16.0673408508301 16.1182594299316 16.2175807952881 16.3144607543945 16.2690200805664 16.2446804046631 16.1741199493408 15.9755697250366 15.8316402435303 15.728099822998 15.671480178833 15.6702299118042 15.6545696258545 15.6282901763916 15.6516199111938 15.6806201934814 15.6927700042725 15.6322898864746 15.5953798294067 15.5543603897095 15.4899501800537 15.4574499130249 15.4237499237061 15.3842601776123 15.3702898025513 15.3787899017334 15.3943099975586 15.3464403152466 15.2522001266479 15.138500213623 15.0309400558472 14.9762897491455 14.9679098129272 15.0182695388794 15.0166397094727 15.0312099456787 15.0618095397949 14.9810104370117 14.8570499420166 14.7242803573608 14.6845302581787 14.725830078125 14.820369720459 14.9716701507568 15.0181703567505
16.2715492248535 16.2526302337646 16.2806301116943 16.2872295379639 16.2328205108643 16.1896991729736 16.1312007904053 16.0599403381348 16.050199508667 16.1710605621338 16.3292808532715 16.2950801849365 16.2607192993164 16.1892108917236 16.0287399291992 15.9275598526001 15.8569602966309 15.8186502456665 15.7754402160645 15.7467002868652 15.7300701141357 15.7131900787354 15.682900428772 15.6308698654175 15.521369934082 15.454270362854 15.4011096954346 15.3605804443359 15.3323001861572 15.3100700378418 15.2966995239258 15.312840461731 15.3226499557495 15.3278102874756 15.3344898223877 15.2705602645874 15.1666097640991 15.0257902145386 14.9149799346924 14.8785800933838 14.9691200256348 15.0189599990845 15.0451202392578 15.047080039978 15.0302400588989 14.9533395767212 14.8448295593262 14.777250289917 14.6601400375366 14.6219902038574 14.8976001739502 14.9013700485229
16.3878192901611 16.3531703948975 16.3364791870117 16.2975692749023 16.2164707183838 16.1472492218018 16.0872592926025 16.0469493865967 16.1002998352051 16.2205390930176 16.3417491912842 16.3048000335693 16.2744903564453 16.2260608673096 16.1268997192383 16.0432395935059 15.9785404205322 15.9377403259277 15.9098300933838 15.8773603439331 15.8339395523071 15.754599571228 15.6672296524048 15.5720100402832 15.4614095687866 15.392430305481 15.335729598999 15.2786197662354 15.2544298171997 15.2396402359009 15.2306098937988 15.2335996627808 15.2438297271729 15.2600498199463 15.2827701568604 15.2251901626587 15.1291704177856 15.0309400558472 14.912540435791 14.8547401428223 14.9174203872681 15.0011701583862 15.0584201812744 15.0794296264648 15.0694904327393 15.0224599838257 14.9559698104858 14.9096002578735 14.8388700485229 14.7937602996826 14.8412799835205 14.6995496749878
16.4729404449463 16.4025707244873 16.3490390777588 16.2930393218994 16.2265796661377 16.1583309173584 16.1126403808594 16.102840423584 16.209020614624 16.3011798858643 16.3581008911133 16.3142395019531 16.2900199890137 16.2590599060059 16.1940498352051 16.110990524292 16.0471897125244 16.0170402526855 15.9955101013184 15.9326000213623 15.8290796279907 15.7062397003174 15.6165800094604 15.5397100448608 15.4418001174927 15.3714199066162 15.3053703308105 15.2319002151489 15.2091398239136 15.1978998184204 15.1902599334717 15.17453956604 15.177209854126 15.1912899017334 15.1840896606445 15.1297998428345 15.0606498718262 15.0138902664185 14.9284696578979 14.8713903427124 14.8862400054932 14.9788503646851 15.0625400543213 15.1156196594238 15.0775098800659 15.0220003128052 14.9641103744507 14.9351301193237 14.9066295623779 14.8633499145508 14.7782201766968 14.4829196929932
16.5274791717529 16.4032497406006 16.3404102325439 16.3027896881104 16.2889099121094 16.2630996704102 16.2497997283936 16.2587795257568 16.3637199401855 16.3937492370605 16.3729591369629 16.3253803253174 16.302209854126 16.2752895355225 16.2069091796875 16.0993404388428 16.0403499603271 16.0501804351807 16.0037994384766 15.8787403106689 15.6728296279907 15.550950050354 15.5279998779297 15.539719581604 15.4643802642822 15.3811101913452 15.3001003265381 15.2224998474121 15.1937398910522 15.1859502792358 15.1858100891113 15.1478004455566 15.1302499771118 15.1234302520752 15.0340299606323 14.9913396835327 14.9676599502563 14.965350151062 14.951979637146 14.9266004562378 14.8800096511841 14.9621601104736 15.0566701889038 15.1559200286865 15.0527200698853 14.9531898498535 14.8427600860596 14.8229703903198 14.7856502532959 14.7246904373169 14.6992101669312 14.295280456543
16.5219802856445 16.4288196563721 16.4056205749512 16.401330947876 16.4007892608643 16.400239944458 16.4061794281006 16.418399810791 16.4292297363281 16.4238395690918 16.393970489502 16.3022594451904 16.2397804260254 16.1697196960449 16.0566101074219 15.9924697875977 15.9705095291138 15.9931602478027 15.9768495559692 15.8900003433228 15.7429504394531 15.5933399200439 15.5039901733398 15.4526395797729 15.4194898605347 15.3449602127075 15.2480697631836 15.1346502304077 15.1482696533203 15.189829826355 15.2266702651978 15.1069097518921 15.0440797805786 15.0269002914429 14.9581098556519 14.9516096115112 14.9684000015259 14.9638795852661 14.9548902511597 14.9568996429443 14.9817800521851 15.0292301177979 15.0847301483154 15.1402597427368 15.1440000534058 15.1274003982544 15.1007499694824 15.0815601348877 15.0256395339966 14.9244003295898 14.7389698028564 14.4259300231934
16.5143508911133 16.4340000152588 16.4595203399658 16.4927597045898 16.4969501495361 16.4985599517822 16.5018291473389 16.5021305084229 16.4629497528076 16.3953609466553 16.281909942627 16.0438194274902 15.9062995910645 15.8288297653198 15.8056602478027 15.8172903060913 15.8367395401001 15.8583297729492 15.8947696685791 15.8634300231934 15.7665500640869 15.6482496261597 15.5431900024414 15.4379100799561 15.3040599822998 15.2086601257324 15.1205797195435 15.0271797180176 15.0670499801636 15.1395702362061 15.2091999053955 15.1122102737427 15.0507497787476 15.026439666748 14.991849899292 15.0080604553223 15.0387296676636 15.0389099121094 15.0372295379639 15.0434503555298 15.0639696121216 15.0655202865601 15.0751399993896 15.0985202789307 15.137749671936 15.1580095291138 15.1656703948975 15.178689956665 15.1607503890991 15.0945901870728 14.9315395355225 14.7608299255371
16.4812202453613 16.3869400024414 16.4699192047119 16.5600395202637 16.5753498077393 16.5612602233887 16.5462703704834 16.5282192230225 16.4679393768311 16.2737503051758 15.9962501525879 15.5918302536011 15.4092397689819 15.3639898300171 15.5143604278564 15.6262502670288 15.6772804260254 15.6719102859497 15.7809896469116 15.7964496612549 15.7324199676514 15.6521701812744 15.5618200302124 15.4432601928711 15.1324701309204 15.0188903808594 14.9662504196167 14.9358100891113 14.9990196228027 15.07310962677 15.1599903106689 15.1564102172852 15.1316699981689 15.1010398864746 15.0990200042725 15.1155796051025 15.144510269165 15.1534795761108 15.1548404693604 15.1500797271729 15.1136503219604 15.0583896636963 15.031379699707 15.0297203063965 15.0502595901489 15.0584001541138 15.0621004104614 15.1168203353882 15.1584596633911 15.1924600601196 15.2022304534912 15.1683397293091
