Variables/MIS4/wtemp.asc
NCOLS 258 
NROWS 132 
XLLCORNER -10.933275447 
YLLCORNER 36.059072361 
CELLSIZE 0.11561 
NODATA_value -9999 
[rows 0 to 22 of 132, columns 104 to 155 of 258]
16.9057006835938 16.9430904388428 16.9955501556396 17.052339553833 17.1030197143555 17.1294708251953 17.1429805755615 17.144510269165 17.1511192321777 17.134090423584 17.095739364624 17.094970703125 17.1066207885742 17.124080657959 17.1347408294678 17.1418209075928 17.1498908996582 17.1637706756592 17.1766605377197 17.1892108917236 17.2017097473145 17.2186107635498 17.2579002380371 17.3053092956543 17.2493705749512 17.2102909088135 17.1846694946289 17.1691398620605 17.1477909088135 17.1206703186035 17.0850296020508 17.0569190979004 17.0239391326904 16.9831409454346 16.9432392120361 16.904390335083 16.8698596954346 16.8603191375732 16.8344707489014 16.8017807006836 16.7733707427979 16.7613391876221 16.7476100921631 16.7226905822754 16.6999206542969 16.6814994812012 16.6669006347656 16.641580581665 16.6170291900635 16.5999698638916 16.62034034729 16.8334007263184
16.9955005645752 17.0228691101074 17.087329864502 17.1573505401611 17.1968593597412 17.1894397735596 17.1758708953857 17.1711101531982 17.1495704650879 17.1253700256348 17.1024303436279 17.0918502807617 17.0990009307861 17.1173706054688 17.1365604400635 17.1575603485107 17.1795196533203 17.2014503479004 17.1950702667236 17.1953907012939 17.2140998840332 17.2289505004883 17.2523708343506 17.2747592926025 17.2355709075928 17.2030696868896 17.1745204925537 17.1400108337402 17.1171398162842 17.0981502532959 17.0790996551514 17.0524597167969 17.0170001983643 16.9721908569336 16.9309997558594 16.8929290771484 16.8596706390381 16.8412208557129 16.8154792785645 16.7861309051514 16.7576904296875 16.741569519043 16.7245006561279 16.6998100280762 16.6868991851807 16.6784000396729 16.6701507568359 16.6380996704102 16.6086292266846 16.5867500305176 16.5863399505615 16.7649192810059
17.1264095306396 17.1471691131592 17.2001094818115 17.2529907226562 17.2651405334473 17.2155494689941 17.1764907836914 17.1783695220947 17.1549491882324 17.1361408233643 17.1247901916504 17.1137599945068 17.1164398193359 17.1296501159668 17.151330947876 17.1743392944336 17.1979904174805 17.221809387207 17.2109603881836 17.2105407714844 17.233699798584 17.2358493804932 17.231029510498 17.2204093933105 17.2022495269775 17.1819496154785 17.155029296875 17.1062793731689 17.0807991027832 17.066219329834 17.059139251709 17.0365505218506 17.0014400482178 16.9535007476807 16.916259765625 16.88450050354 16.8565502166748 16.8275909423828 16.8046398162842 16.7827606201172 16.7548503875732 16.7398490905762 16.7237205505371 16.6996402740479 16.6908092498779 16.6841907501221 16.6758804321289 16.6382007598877 16.6072101593018 16.5812797546387 16.5523109436035 16.7183094024658
17.2799491882324 17.2847900390625 17.300500869751 17.3079395294189 17.272159576416 17.1919593811035 17.1437702178955 17.1698894500732 17.1602096557617 17.1476898193359 17.1403007507324 17.1749992370605 17.1883106231689 17.1895294189453 17.1886596679688 17.1784706115723 17.1657791137695 17.1546592712402 17.172420501709 17.1996097564697 17.2343597412109 17.2215003967285 17.1995792388916 17.172290802002 17.1554908752441 17.1381797790527 17.1148490905762 17.0728206634521 17.0474891662598 17.0262508392334 17.0061702728271 16.9920997619629 16.9662094116211 16.9265804290771 16.9052391052246 16.8803691864014 16.852409362793 16.8297805786133 16.812780380249 16.7950801849365 16.7695808410645 16.771089553833 16.7725105285645 16.7586002349854 16.7303791046143 16.7023696899414 16.6737308502197 16.6400108337402 16.6163806915283 16.5961894989014 16.5551795959473 16.7310390472412
17.3767604827881 17.3727607727051 17.3627395629883 17.3363399505615 17.2717609405518 17.2556190490723 17.2636795043945 17.2877197265625 17.2428493499756 17.1951999664307 17.1595706939697 17.1639995574951 17.1758899688721 17.1879405975342 17.1868991851807 17.1748104095459 17.1626396179199 17.1608505249023 17.1793403625488 17.2021102905273 17.2220306396484 17.2044792175293 17.1843204498291 17.1647491455078 17.1385593414307 17.1198902130127 17.1012191772461 17.0661697387695 17.0524196624756 17.0403804779053 17.0173892974854 17.0086708068848 16.9837493896484 16.9365196228027 16.91383934021 16.895170211792 16.8784008026123 16.8646697998047 16.8460998535156 16.8246307373047 16.8014507293701 16.7663593292236 16.725700378418 16.6805591583252 16.6315097808838 16.6047592163086 16.6058006286621 16.6224708557129 16.6234798431396 16.6097202301025 16.5816802978516 16.7426891326904
17.5042190551758 17.4908199310303 17.4493408203125 17.3859100341797 17.2937393188477 17.3125095367432 17.3503093719482 17.3721199035645 17.3150405883789 17.2540702819824 17.2009506225586 17.1673908233643 17.1703491210938 17.1920108795166 17.1926403045654 17.1838493347168 17.1762008666992 17.1801891326904 17.1991996765137 17.2144107818604 17.2182102203369 17.1939105987549 17.1773891448975 17.1690006256104 17.1486301422119 17.1366500854492 17.1233005523682 17.0853595733643 17.0728702545166 17.0617599487305 17.0362606048584 17.028600692749 17.0043392181396 16.9562892913818 16.9323291778564 16.9133491516113 16.8967990875244 16.8792991638184 16.8577308654785 16.8289794921875 16.7825698852539 16.7042007446289 16.6061592102051 16.4881000518799 16.4027500152588 16.3832397460938 16.4344291687012 16.4976005554199 16.5287494659424 16.5624694824219 16.734130859375 16.7908401489258
17.7030200958252 17.6667499542236 17.581169128418 17.4767799377441 17.3552894592285 17.3276805877686 17.3320693969727 17.3544692993164 17.3438892364502 17.3178291320801 17.2829494476318 17.2216606140137 17.2122707366943 17.226749420166 17.2252597808838 17.2162895202637 17.2054195404053 17.1966800689697 17.2217197418213 17.2368907928467 17.2278594970703 17.1960506439209 17.1793403625488 17.1778106689453 17.1896095275879 17.194860458374 17.1906299591064 17.1353397369385 17.1012802124023 17.0751209259033 17.0459804534912 17.029390335083 17.0088500976562 16.9815807342529 16.955020904541 16.9237995147705 16.8929290771484 16.8481502532959 16.8221797943115 16.7861099243164 16.6760101318359 16.5632495880127 16.4070491790771 16.1575393676758 16.0340309143066 16.0179500579834 16.1238994598389 16.2110900878906 16.2743797302246 16.409330368042 17.0502300262451 16.8611907958984
17.6477298736572 17.6253509521484 17.5852794647217 17.5257606506348 17.431999206543 17.3824691772461 17.3724403381348 17.4084205627441 17.4108295440674 17.3862209320068 17.3412208557129 17.319730758667 17.3262100219727 17.3399105072021 17.3080596923828 17.2523307800293 17.2086505889893 17.216609954834 17.2348594665527 17.2480697631836 17.249210357666 17.2250308990479 17.2117404937744 17.209529876709 17.1966209411621 17.1809101104736 17.1609897613525 17.1301803588867 17.0993099212646 17.0695896148682 17.0421905517578 17.0081691741943 16.9785404205322 16.9532508850098 16.8932399749756 16.8339805603027 16.7824192047119 16.7592792510986 16.7397804260254 16.6880893707275 16.5250797271729 16.400749206543 16.2631092071533 16.081449508667 15.918080329895 15.8491096496582 15.8882303237915 15.9654502868652 16.0426692962646 16.1588191986084 16.4842090606689 16.368070602417
17.66090965271 17.6791591644287 17.6681900024414 17.6202201843262 17.5042896270752 17.4410991668701 17.4217700958252 17.4528007507324 17.4657707214355 17.4435405731201 17.3935604095459 17.3930797576904 17.393590927124 17.3857402801514 17.3464908599854 17.2864894866943 17.2407207489014 17.2489109039307 17.2491493225098 17.2479991912842 17.2475109100342 17.2506904602051 17.2511596679688 17.2448196411133 17.2111206054688 17.1746807098389 17.1390705108643 17.1098308563232 17.0729598999023 17.0319995880127 16.9877700805664 16.9542808532715 16.9317302703857 16.9158401489258 16.8393802642822 16.7754592895508 16.7299404144287 16.7084102630615 16.6398296356201 16.5245304107666 16.3321399688721 16.2415199279785 16.1632404327393 16.0552406311035 15.9256296157837 15.8373804092407 15.8095102310181 15.8753004074097 15.9277601242065 16.0001602172852 16.2460594177246 16.1853008270264
17.7487106323242 17.8247509002686 17.8098907470703 17.7418308258057 17.5674591064453 17.4973602294922 17.4719505310059 17.4795894622803 17.4977493286133 17.4828300476074 17.4354991912842 17.4353408813477 17.4086093902588 17.3647994995117 17.3418006896973 17.3207492828369 17.3033103942871 17.2954998016357 17.271369934082 17.2468204498291 17.2246704101562 17.2744693756104 17.2929992675781 17.2831592559814 17.2355995178223 17.1865291595459 17.1347904205322 17.0827198028564 17.0325107574463 16.9724597930908 16.8935508728027 16.8874397277832 16.8824405670166 16.8785305023193 16.8074607849121 16.7601795196533 16.7345905303955 16.6812992095947 16.5263004302979 16.3212699890137 16.125560760498 16.1131401062012 16.1111698150635 16.0713996887207 16.0197601318359 15.9539499282837 15.8759698867798 15.938440322876 15.9373302459717 15.9531803131104 16.3949108123779 16.3555603027344
17.7945404052734 17.7502002716064 17.6954097747803 17.639139175415 17.5917491912842 17.5457992553711 17.5079898834229 17.4838695526123 17.4771709442139 17.4694595336914 17.4595909118652 17.4593200683594 17.4411106109619 17.4118804931641 17.3872890472412 17.3729801177979 17.3645000457764 17.3605899810791 17.3362407684326 17.3193893432617 17.3200206756592 17.3349609375 17.3292007446289 17.3004302978516 17.2514495849609 17.2077198028564 17.1611309051514 17.0904998779297 17.034049987793 16.9854698181152 16.9449100494385 16.9435691833496 16.9140300750732 16.8422107696533 16.8114700317383 16.7455291748047 16.6394805908203 16.4719791412354 16.3938694000244 16.3387699127197 16.2124404907227 16.1681995391846 16.1554794311523 16.1592693328857 16.0913696289062 16.0553302764893 16.0650997161865 16.052619934082 16.046760559082 16.0895099639893 16.3662796020508 16.3495197296143
17.8101291656494 17.7331409454346 17.6619491577148 17.6216297149658 17.661600112915 17.6401290893555 17.5931205749512 17.5323905944824 17.5178699493408 17.5110397338867 17.5017509460449 17.4635200500488 17.4329605102539 17.4146595001221 17.4221897125244 17.4143390655518 17.40212059021 17.3938503265381 17.3771705627441 17.3772392272949 17.4027194976807 17.4074096679688 17.3839302062988 17.3357391357422 17.2816104888916 17.2384300231934 17.1902503967285 17.1003093719482 17.0115699768066 16.9409999847412 16.9095191955566 16.8949298858643 16.8513202667236 16.7691707611084 16.7240791320801 16.6486797332764 16.5379905700684 16.3811492919922 16.326639175415 16.3098106384277 16.2507991790771 16.2220706939697 16.224889755249 16.2674293518066 16.233419418335 16.2257995605469 16.2555809020996 16.2224903106689 16.2092609405518 16.2643795013428 16.568660736084 16.4603691101074
17.8250904083252 17.7628707885742 17.6912803649902 17.6545696258545 17.7341709136963 17.7241401672363 17.6749305725098 17.5872802734375 17.5889701843262 17.5835094451904 17.5572395324707 17.4666996002197 17.417179107666 17.4049301147461 17.4527606964111 17.4498100280762 17.4280891418457 17.408239364624 17.4022998809814 17.4191303253174 17.464879989624 17.4703598022461 17.4426593780518 17.3854808807373 17.327299118042 17.2797393798828 17.2257308959961 17.1255893707275 17.0074100494385 16.9069690704346 16.8710994720459 16.8393001556396 16.7890701293945 16.7205600738525 16.6412792205811 16.5625896453857 16.4802894592285 16.3952198028564 16.3320808410645 16.2853202819824 16.2776508331299 16.2892799377441 16.321720123291 16.390079498291 16.394660949707 16.4056205749512 16.429630279541 16.4047794342041 16.378589630127 16.419979095459 16.8519401550293 16.5965194702148
17.908239364624 17.8292198181152 17.7394008636475 17.6718292236328 17.6824893951416 17.6522808074951 17.6118907928467 17.5736808776855 17.6264591217041 17.6403694152832 17.6010799407959 17.5148506164551 17.4727592468262 17.4672393798828 17.4962406158447 17.4904193878174 17.4650001525879 17.4235305786133 17.4276790618896 17.4387607574463 17.4480209350586 17.4678497314453 17.4708194732666 17.4537105560303 17.4027404785156 17.3425197601318 17.2783298492432 17.2177200317383 17.1424198150635 17.0801906585693 17.0563201904297 17.0314407348633 16.9813995361328 16.8981704711914 16.8162803649902 16.724889755249 16.6275501251221 16.5434703826904 16.4714107513428 16.4165706634521 16.4011306762695 16.4412708282471 16.4832191467285 16.4997100830078 16.4568405151367 16.4477291107178 16.4841499328613 16.5024604797363 16.4597492218018 16.4482097625732 16.86203956604 16.5242691040039
17.9200706481934 17.8486804962158 17.7764301300049 17.722900390625 17.7219505310059 17.7014408111572 17.6798801422119 17.6650199890137 17.6497707366943 17.6375102996826 17.6264495849609 17.6002292633057 17.5744304656982 17.5495491027832 17.5245094299316 17.5016307830811 17.4841995239258 17.4781494140625 17.4704399108887 17.4719390869141 17.4855098724365 17.4750709533691 17.4802799224854 17.4944896697998 17.455659866333 17.403039932251 17.3465900421143 17.2988090515137 17.2537002563477 17.2114696502686 17.1733207702637 17.1251792907715 17.0664291381836 16.9987697601318 16.9573802947998 16.8924694061279 16.8063793182373 16.7196006774902 16.6436595916748 16.578649520874 16.5325603485107 16.5360107421875 16.5468292236328 16.5444793701172 16.5177593231201 16.5084896087646 16.5192909240723 16.4907398223877 16.3806991577148 16.3110904693604 16.7054500579834 16.4361705780029
17.9172801971436 17.864860534668 17.8155097961426 17.7767295837402 17.7644500732422 17.7631702423096 17.7619094848633 17.7543296813965 17.6741409301758 17.6298007965088 17.6326599121094 17.6618194580078 17.6497802734375 17.6049404144287 17.5347099304199 17.5021705627441 17.5002593994141 17.538200378418 17.5217609405518 17.5135898590088 17.5304794311523 17.5009899139404 17.5035400390625 17.5313892364502 17.4923801422119 17.4468097686768 17.4004707336426 17.3621406555176 17.335090637207 17.3029899597168 17.2517890930176 17.1842403411865 17.1211204528809 17.0691699981689 17.0524101257324 17.0112800598145 16.9465293884277 16.8665504455566 16.7916698455811 16.7178001403809 16.6385803222656 16.5881404876709 16.5644493103027 16.5769004821777 16.5962905883789 16.5875091552734 16.5438194274902 16.4762306213379 16.3403491973877 16.2484607696533 16.6756000518799 16.4614906311035
17.9287300109863 17.9101791381836 17.8668994903564 17.8110504150391 17.7395401000977 17.7566509246826 17.7721099853516 17.7568893432617 17.7122001647949 17.6590404510498 17.6036491394043 17.6389293670654 17.628059387207 17.5818901062012 17.5156402587891 17.5044593811035 17.523509979248 17.5800895690918 17.5781307220459 17.5638294219971 17.5448398590088 17.561990737915 17.5730991363525 17.5720596313477 17.5101299285889 17.4554691314697 17.4092102050781 17.3930797576904 17.3683700561523 17.3357391357422 17.2934093475342 17.2442493438721 17.1919193267822 17.136360168457 17.0695705413818 17.0160808563232 16.9718399047852 16.923189163208 16.8580703735352 16.7799606323242 16.6827793121338 16.5925807952881 16.5551204681396 16.6272296905518 16.7137699127197 16.6915397644043 16.5478992462158 16.5414600372314 16.5148391723633 16.5578098297119 17.0706005096436 16.7545509338379
17.8907794952393 17.8860893249512 17.8664302825928 17.8397998809814 17.8127307891846 17.8105392456055 17.8077793121338 17.7924404144287 17.7575397491455 17.7187690734863 17.6782703399658 17.6331996917725 17.6182498931885 17.6185607910156 17.5988998413086 17.5973091125488 17.6012706756592 17.6015796661377 17.6035594940186 17.6045799255371 17.6046905517578 17.6186294555664 17.6254501342773 17.6188507080078 17.5764007568359 17.5228004455566 17.4710102081299 17.4455509185791 17.4126205444336 17.3750190734863 17.3328399658203 17.295280456543 17.2472591400146 17.183349609375 17.1072292327881 17.0507392883301 17.0068893432617 16.9389400482178 16.9085693359375 16.8803806304932 16.7978801727295 16.7302207946777 16.6942691802979 16.7110404968262 16.753210067749 16.7301597595215 16.6335391998291 16.586820602417 16.5940399169922 16.7069301605225 17.1691303253174 16.8615703582764
17.899959564209 17.8835792541504 17.8641490936279 17.8488807678223 17.8505897521973 17.8466396331787 17.8333892822266 17.8066997528076 17.7762298583984 17.7576103210449 17.7453193664551 17.6750793457031 17.6543598175049 17.6658191680908 17.6674709320068 17.6708908081055 17.6674709320068 17.6457099914551 17.6451396942139 17.6495895385742 17.6550197601318 17.659200668335 17.6605892181396 17.6562690734863 17.627799987793 17.5843906402588 17.535270690918 17.4947109222412 17.4538593292236 17.4136695861816 17.3752098083496 17.3383007049561 17.2922191619873 17.2320194244385 17.1480903625488 17.0780601501465 17.0195808410645 16.9534893035889 16.9319305419922 16.925220489502 16.8952293395996 16.847110748291 16.8041591644287 16.7806396484375 16.7789402008057 16.7522201538086 16.691370010376 16.6086006164551 16.6130504608154 16.7340106964111 17.1424198150635 16.8857192993164
17.982629776001 17.9252700805664 17.8762092590332 17.8363704681396 17.8244094848633 17.8463592529297 17.8391799926758 17.7808704376221 17.7580795288086 17.7594795227051 17.7867107391357 17.770149230957 17.7416591644287 17.7121391296387 17.692590713501 17.693790435791 17.704610824585 17.7231502532959 17.7138690948486 17.7012405395508 17.6851902008057 17.6800994873047 17.6782608032227 17.6755695343018 17.6471500396729 17.6209201812744 17.5912303924561 17.5343704223633 17.4884796142578 17.4500694274902 17.4222602844238 17.3725605010986 17.3269290924072 17.2900199890137 17.1894702911377 17.0901908874512 16.9969692230225 16.9747104644775 16.9235000610352 16.8862991333008 16.9510307312012 16.8930797576904 16.8353099822998 16.8255405426025 16.8073902130127 16.7687892913818 16.708309173584 16.6071891784668 16.5992698669434 16.6631507873535 17.0113506317139 16.8368091583252
17.9738597869873 17.9359092712402 17.9190101623535 17.916919708252 17.9305095672607 17.8991394042969 17.8495006561279 17.7894401550293 17.7638607025146 17.7587890625 17.766429901123 17.7413101196289 17.721019744873 17.709680557251 17.7190895080566 17.7234992980957 17.7301902770996 17.7470607757568 17.7411499023438 17.7298107147217 17.7182807922363 17.7196598052979 17.7187404632568 17.7100296020508 17.6697406768799 17.642599105835 17.6181507110596 17.5728492736816 17.5296897888184 17.4895095825195 17.4539394378662 17.4056606292725 17.3640403747559 17.3301601409912 17.2491207122803 17.1375999450684 17.0169696807861 16.972770690918 16.9304790496826 16.9065399169922 16.9441509246826 16.8693103790283 16.819730758667 16.8715801239014 16.8492603302002 16.7928905487061 16.7139091491699 16.6705799102783 16.8812408447266 17.1612701416016 16.8850803375244 16.6764392852783
17.9757099151611 17.9579200744629 17.9539794921875 17.9535808563232 17.9452304840088 17.909740447998 17.8696193695068 17.8337497711182 17.8089904785156 17.7919101715088 17.7777900695801 17.735710144043 17.7290191650391 17.7462196350098 17.761890411377 17.7704391479492 17.7755908966064 17.7788105010986 17.7717609405518 17.7638301849365 17.7583999633789 17.7619800567627 17.7654590606689 17.7623805999756 17.7213191986084 17.6897201538086 17.6611995697021 17.6205406188965 17.5782794952393 17.5346508026123 17.4892406463623 17.4481601715088 17.4101505279541 17.3714599609375 17.2905902862549 17.1683692932129 17.0290908813477 16.969539642334 16.9417591094971 16.9339904785156 16.9454498291016 16.8963603973389 16.8594303131104 16.8748302459717 16.8543701171875 16.8107795715332 16.7510299682617 16.728120803833 17.0237293243408 17.3828392028809 16.9442291259766 16.6758098602295
17.9847602844238 17.9851493835449 17.9755401611328 17.9508495330811 17.8896408081055 17.8899192810059 17.8973999023438 17.9039402008057 17.8782596588135 17.8490009307861 17.8157196044922 17.7634906768799 17.7724895477295 17.8142204284668 17.8166999816895 17.8281002044678 17.834659576416 17.8178405761719 17.8089504241943 17.8056907653809 17.8075504302979 17.8102798461914 17.8176307678223 17.8269901275635 17.7905101776123 17.7535705566406 17.7171192169189 17.6763706207275 17.6334800720215 17.5856704711914 17.5291996002197 17.4992008209229 17.4629993438721 17.4136390686035 17.3152694702148 17.1826801300049 17.0333595275879 16.9691905975342 16.9522800445557 16.9572792053223 16.9514198303223 16.9567699432373 16.9343109130859 16.8421897888184 16.8327503204346 16.8240604400635 16.8087501525879 16.7724208831787 17.0107192993164 17.3514804840088 17.1040191650391 16.7658500671387
